step        alpha       action      reward        Q[s+0]      Q[s+1]      Q[s+2]
0      12.000000     2     0.000000     246.944748     246.957722     246.989571
1000      14.000000     2     0.006712     247.050182     247.050022     247.054989
2000      16.000000     1     0.011738     247.063934     247.071654     247.068014
3000      16.000000     1     0.015630     247.063934     247.071655     247.068014
4000      16.000000     1     0.018702     247.063934     247.071655     247.068014
5000      16.000000     1     0.021195     247.063934     247.071655     247.068014
6000      16.000000     2     0.023215     247.063934     247.071655     247.068014
7000      18.000000     0     0.024862     247.103094     247.075534     247.102201
8000      16.000000     1     0.026304     247.063934     247.071655     247.068015
9000      16.000000     1     0.027537     247.063934     247.071655     247.068015
10000      16.000000     1     0.028625     247.063934     247.071656     247.068015
11000      16.000000     1     0.029575     247.063934     247.071656     247.068015
12000      16.000000     1     0.030418     247.063934     247.071656     247.068015
13000      16.000000     1     0.031167     247.063934     247.071656     247.068015
14000      16.000000     1     0.031834     247.063934     247.071657     247.068015
15000      16.000000     1     0.032443     247.063934     247.071657     247.068015
16000      16.000000     1     0.032992     247.063934     247.071657     247.068015
17000      16.000000     1     0.033485     247.063934     247.071658     247.068015
18000      16.000000     1     0.033940     247.063934     247.071658     247.068015
19000      16.000000     1     0.034358     247.063934     247.071658     247.068015
20000      16.000000     1     0.034735     247.063934     247.071659     247.068015
21000      16.000000     1     0.035088     247.063934     247.071659     247.068015
22000      16.000000     1     0.035407     247.063934     247.071659     247.068015
23000      16.000000     1     0.035702     247.063934     247.071660     247.068015
24000      16.000000     1     0.035972     247.063934     247.071660     247.068015
25000      16.000000     1     0.036221     247.063934     247.071661     247.068015
26000      16.000000     1     0.036452     247.063934     247.071661     247.068015
27000      16.000000     1     0.036661     247.063934     247.071661     247.068015
28000      16.000000     1     0.036855     247.063934     247.071662     247.068015
29000      16.000000     1     0.037033     247.063934     247.071662     247.068015
30000      16.000000     1     0.037194     247.063934     247.071662     247.068015
31000      16.000000     1     0.037344     247.063934     247.071663     247.068015
32000      16.000000     1     0.037478     247.063934     247.071663     247.068015
33000      16.000000     1     0.037599     247.063934     247.071664     247.068015
34000      16.000000     1     0.037708     247.063934     247.071664     247.068015
35000      16.000000     1     0.037806     247.063934     247.071664     247.068015
36000      16.000000     1     0.037893     247.063934     247.071665     247.068015
37000      16.000000     1     0.037969     247.063934     247.071665     247.068015
38000      16.000000     1     0.038035     247.063934     247.071665     247.068015
39000      16.000000     1     0.038091     247.063934     247.071666     247.068015
40000      16.000000     1     0.038137     247.063934     247.071666     247.068015
41000      16.000000     0     0.038173     247.063934     247.071666     247.068015
42000      14.000000     2     0.038097     247.050182     247.050022     247.054989
43000      16.000000     1     0.038074     247.063934     247.071666     247.068015
44000      16.000000     1     0.038020     247.063934     247.071667     247.068015
45000      16.000000     1     0.037938     247.063934     247.071667     247.068015
46000      16.000000     1     0.037830     247.063934     247.071668     247.068015
47000      16.000000     1     0.037700     247.063934     247.071668     247.068015
48000      16.000000     1     0.037548     247.063934     247.071668     247.068015
49000      16.000000     1     0.037376     247.063934     247.071669     247.068015
50000      16.000000     1     0.037187     247.063934     247.071669     247.068015
51000      16.000000     1     0.036981     247.063934     247.071669     247.068015
52000      16.000000     1     0.036760     247.063934     247.071670     247.068015
53000      16.000000     1     0.036526     247.063934     247.071670     247.068015
54000      16.000000     1     0.036279     247.063934     247.071671     247.068015
55000      16.000000     1     0.036021     247.063934     247.071671     247.068015
56000      16.000000     1     0.035752     247.063934     247.071671     247.068015
57000      16.000000     1     0.035473     247.063934     247.071672     247.068015
58000      16.000000     1     0.035185     247.063934     247.071672     247.068015
59000      16.000000     1     0.034889     247.063934     247.071672     247.068015
60000      16.000000     1     0.034586     247.063934     247.071673     247.068015
61000      16.000000     1     0.034276     247.063934     247.071673     247.068015
62000      16.000000     1     0.033959     247.063934     247.071673     247.068015
63000      16.000000     1     0.033636     247.063934     247.071674     247.068015
64000      16.000000     1     0.033309     247.063934     247.071674     247.068015
65000      16.000000     1     0.032976     247.063934     247.071674     247.068015
66000      16.000000     1     0.032639     247.063934     247.071675     247.068015
67000      16.000000     1     0.032298     247.063934     247.071675     247.068015
68000      16.000000     1     0.031954     247.063934     247.071675     247.068015
69000      16.000000     1     0.031606     247.063934     247.071676     247.068015
70000      16.000000     1     0.031255     247.063934     247.071676     247.068015
71000      16.000000     1     0.030902     247.063934     247.071676     247.068015
72000      16.000000     1     0.030547     247.063934     247.071677     247.068015
73000      16.000000     0     0.030190     247.063934     247.071677     247.068015
74000      14.000000     2     0.029828     247.050182     247.050022     247.054990
75000      16.000000     1     0.029468     247.063934     247.071677     247.068015
76000      16.000000     1     0.029106     247.063934     247.071677     247.068015
77000      16.000000     1     0.028742     247.063934     247.071677     247.068015
78000      16.000000     1     0.028378     247.063934     247.071678     247.068015
79000      16.000000     1     0.028012     247.063934     247.071678     247.068015
80000      16.000000     0     0.027646     247.063934     247.071678     247.068015
81000      14.000000     2     0.027277     247.050182     247.050022     247.054990
82000      16.000000     1     0.026908     247.063935     247.071678     247.068015
83000      16.000000     1     0.026537     247.063935     247.071679     247.068015
84000      16.000000     1     0.026164     247.063935     247.071679     247.068015
85000      16.000000     1     0.025790     247.063935     247.071679     247.068015
86000      16.000000     1     0.025414     247.063935     247.071679     247.068015
87000      16.000000     1     0.025036     247.063935     247.071680     247.068015
88000      16.000000     1     0.024657     247.063935     247.071680     247.068015
89000      16.000000     1     0.024275     247.063935     247.071680     247.068015
90000      16.000000     1     0.023892     247.063935     247.071680     247.068015
91000      16.000000     1     0.023507     247.063935     247.071681     247.068015
92000      16.000000     1     0.023119     247.063935     247.071681     247.068015
93000      16.000000     1     0.022730     247.063935     247.071681     247.068015
94000      16.000000     1     0.022339     247.063935     247.071681     247.068015
95000      16.000000     1     0.021946     247.063935     247.071681     247.068015
96000      16.000000     1     0.021551     247.063935     247.071682     247.068015
97000      16.000000     1     0.021154     247.063935     247.071682     247.068015
98000      16.000000     1     0.020756     247.063935     247.071682     247.068015
99000      16.000000     1     0.020356     247.063935     247.071682     247.068015
100000      16.000000     1     0.019955     247.063935     247.071682     247.068015
101000      16.000000     1     0.019552     247.063935     247.071683     247.068015
102000      16.000000     1     0.019148     247.063935     247.071683     247.068015
103000      16.000000     1     0.018743     247.063935     247.071683     247.068015
104000      16.000000     1     0.018337     247.063935     247.071683     247.068015
105000      16.000000     1     0.017930     247.063935     247.071683     247.068015
106000      16.000000     1     0.017523     247.063935     247.071684     247.068015
107000      16.000000     1     0.017115     247.063935     247.071684     247.068015
108000      16.000000     1     0.016707     247.063935     247.071684     247.068015
109000      16.000000     1     0.016298     247.063935     247.071684     247.068015
110000      16.000000     1     0.015889     247.063935     247.071684     247.068015
111000      16.000000     1     0.015481     247.063935     247.071684     247.068015
112000      16.000000     1     0.015072     247.063935     247.071685     247.068015
113000      16.000000     1     0.014664     247.063935     247.071685     247.068015
114000      16.000000     1     0.014257     247.063935     247.071685     247.068015
115000      16.000000     1     0.013850     247.063935     247.071685     247.068015
116000      16.000000     1     0.013445     247.063935     247.071685     247.068015
117000      16.000000     1     0.013040     247.063935     247.071685     247.068015
118000      16.000000     1     0.012636     247.063935     247.071685     247.068015
119000      16.000000     1     0.012234     247.063935     247.071686     247.068015
120000      16.000000     1     0.011833     247.063935     247.071686     247.068015
121000      16.000000     1     0.011434     247.063935     247.071686     247.068015
122000      16.000000     1     0.011036     247.063935     247.071686     247.068015
123000      16.000000     1     0.010641     247.063935     247.071686     247.068015
124000      16.000000     1     0.010247     247.063935     247.071686     247.068015
125000      16.000000     1     0.009856     247.063935     247.071686     247.068015
126000      16.000000     1     0.009468     247.063935     247.071686     247.068015
127000      16.000000     1     0.009082     247.063935     247.071686     247.068015
128000      16.000000     1     0.008698     247.063935     247.071687     247.068015
129000      16.000000     1     0.008318     247.063935     247.071687     247.068015
130000      16.000000     1     0.007941     247.063935     247.071687     247.068015
131000      16.000000     1     0.007567     247.063935     247.071687     247.068015
132000      16.000000     1     0.007196     247.063935     247.071687     247.068015
133000      16.000000     1     0.006830     247.063935     247.071687     247.068015
134000      16.000000     1     0.006467     247.063935     247.071687     247.068015
135000      16.000000     1     0.006109     247.063935     247.071687     247.068015
136000      16.000000     1     0.005755     247.063935     247.071687     247.068015
137000      16.000000     0     0.005406     247.063935     247.071687     247.068015
138000      14.000000     2     0.005054     247.050182     247.050022     247.054991
139000      16.000000     1     0.004713     247.063935     247.071687     247.068015
140000      16.000000     1     0.004378     247.063935     247.071687     247.068015
141000      16.000000     1     0.004049     247.063935     247.071687     247.068015
142000      16.000000     1     0.003726     247.063935     247.071687     247.068015
143000      16.000000     1     0.003411     247.063935     247.071687     247.068015
144000      16.000000     1     0.003102     247.063935     247.071687     247.068015
145000      16.000000     1     0.002802     247.063935     247.071687     247.068015
146000      16.000000     1     0.002511     247.063935     247.071687     247.068015
147000      16.000000     2     0.002228     247.063935     247.071687     247.068015
148000      18.000000     0     0.001964     247.103094     247.075534     247.102201
149000      16.000000     1     0.001704     247.063935     247.071687     247.068015
150000      16.000000     1     0.001456     247.063935     247.071687     247.068015
151000      16.000000     1     0.001220     247.063935     247.071687     247.068015
152000      16.000000     0     0.000998     247.063935     247.071687     247.068015
153000      14.000000     2     0.000750     247.050182     247.050022     247.054991
154000      16.000000     1     0.000554     247.063935     247.071687     247.068015
155000      16.000000     1     0.000375     247.063935     247.071687     247.068015
156000      16.000000     1     0.000216     247.063935     247.071687     247.068015
157000      16.000000     1     0.000077     247.063935     247.071687     247.068015
158000      16.000000     1     0.000000     247.063935     247.071687     247.068015
159000      16.000000     1     0.000000     247.063935     247.071687     247.068015
160000      16.000000     1     0.000000     247.063935     247.071687     247.068015
161000      16.000000     1     0.000000     247.063935     247.071687     247.068015
162000      16.000000     1     0.000002     247.063935     247.071687     247.068015
163000      16.000000     1     0.000032     247.063935     247.071687     247.068015
164000      16.000000     1     0.000099     247.063935     247.071687     247.068015
165000      16.000000     1     0.000207     247.063935     247.071687     247.068015
166000      16.000000     1     0.000360     247.063935     247.071687     247.068015
167000      16.000000     1     0.000561     247.063935     247.071687     247.068015
168000      16.000000     1     0.000815     247.063935     247.071687     247.068015
169000      16.000000     1     0.001125     247.063935     247.071687     247.068015
170000      16.000000     1     0.001496     247.063935     247.071687     247.068015
171000      16.000000     1     0.001933     247.063935     247.071687     247.068015
172000      16.000000     1     0.002439     247.063935     247.071687     247.068015
173000      16.000000     1     0.003020     247.063935     247.071687     247.068015
174000      16.000000     1     0.003678     247.063935     247.071687     247.068015
175000      16.000000     1     0.004419     247.063935     247.071688     247.068015
176000      16.000000     1     0.005246     247.063935     247.071688     247.068015
177000      16.000000     1     0.006161     247.063935     247.071688     247.068015
178000      16.000000     1     0.007166     247.063935     247.071688     247.068015
179000      16.000000     1     0.008265     247.063935     247.071688     247.068015
180000      16.000000     1     0.009456     247.063935     247.071688     247.068015
181000      16.000000     1     0.010738     247.063935     247.071688     247.068015
182000      16.000000     1     0.012112     247.063935     247.071688     247.068015
183000      16.000000     1     0.013572     247.063935     247.071688     247.068015
184000      16.000000     1     0.015115     247.063935     247.071688     247.068015
185000      16.000000     1     0.016734     247.063935     247.071688     247.068015
186000      16.000000     1     0.018423     247.063935     247.071689     247.068015
187000      16.000000     1     0.020173     247.063935     247.071689     247.068015
188000      16.000000     1     0.021974     247.063935     247.071689     247.068015
189000      16.000000     1     0.023817     247.063935     247.071689     247.068015
190000      16.000000     1     0.025691     247.063935     247.071689     247.068015
191000      16.000000     1     0.027584     247.063935     247.071690     247.068015
192000      16.000000     1     0.029485     247.063935     247.071690     247.068015
193000      16.000000     1     0.031383     247.063935     247.071690     247.068015
194000      16.000000     1     0.033267     247.063935     247.071691     247.068015
195000      16.000000     1     0.035127     247.063935     247.071691     247.068015
196000      16.000000     1     0.036953     247.063935     247.071691     247.068015
197000      16.000000     1     0.038738     247.063935     247.071692     247.068015
198000      16.000000     1     0.040472     247.063935     247.071692     247.068015
199000      16.000000     1     0.042151     247.063935     247.071692     247.068015
200000      16.000000     1     0.043769     247.063935     247.071693     247.068015
201000      16.000000     1     0.045322     247.063935     247.071693     247.068015
202000      16.000000     1     0.046807     247.063935     247.071694     247.068015
203000      16.000000     1     0.048221     247.063935     247.071694     247.068015
204000      16.000000     1     0.049564     247.063935     247.071695     247.068015
205000      16.000000     1     0.050834     247.063935     247.071695     247.068015
206000      16.000000     1     0.052033     247.063935     247.071696     247.068015
207000      16.000000     1     0.053162     247.063935     247.071696     247.068015
208000      16.000000     1     0.054221     247.063935     247.071697     247.068015
209000      16.000000     1     0.055212     247.063935     247.071697     247.068015
210000      16.000000     1     0.056138     247.063935     247.071698     247.068015
211000      16.000000     1     0.057001     247.063935     247.071698     247.068015
212000      16.000000     1     0.057804     247.063935     247.071699     247.068015
213000      16.000000     1     0.058549     247.063935     247.071700     247.068015
214000      16.000000     1     0.059239     247.063935     247.071700     247.068015
215000      16.000000     1     0.059876     247.063935     247.071701     247.068015
216000      16.000000     1     0.060464     247.063935     247.071701     247.068015
217000      16.000000     1     0.061006     247.063935     247.071702     247.068015
218000      16.000000     1     0.061503     247.063935     247.071703     247.068015
219000      16.000000     1     0.061959     247.063935     247.071703     247.068015
220000      16.000000     1     0.062375     247.063935     247.071704     247.068015
221000      16.000000     1     0.062756     247.063935     247.071704     247.068015
222000      16.000000     1     0.063102     247.063935     247.071705     247.068015
223000      16.000000     1     0.063416     247.063935     247.071706     247.068015
224000      16.000000     1     0.063700     247.063935     247.071706     247.068015
225000      16.000000     1     0.063957     247.063935     247.071707     247.068015
226000      16.000000     1     0.064187     247.063935     247.071708     247.068015
227000      16.000000     1     0.064393     247.063935     247.071708     247.068015
228000      16.000000     1     0.064578     247.063935     247.071709     247.068015
229000      16.000000     1     0.064741     247.063935     247.071710     247.068015
230000      16.000000     1     0.064885     247.063935     247.071710     247.068015
231000      16.000000     1     0.065011     247.063935     247.071711     247.068015
232000      16.000000     1     0.065122     247.063935     247.071711     247.068015
233000      16.000000     1     0.065217     247.063935     247.071712     247.068015
234000      16.000000     1     0.065298     247.063935     247.071713     247.068015
235000      16.000000     1     0.065367     247.063935     247.071713     247.068015
236000      16.000000     1     0.065425     247.063935     247.071714     247.068015
237000      16.000000     1     0.065473     247.063935     247.071715     247.068015
238000      16.000000     1     0.065512     247.063935     247.071715     247.068015
239000      16.000000     1     0.065542     247.063935     247.071716     247.068015
240000      16.000000     1     0.065566     247.063935     247.071717     247.068015
241000      16.000000     1     0.065583     247.063935     247.071717     247.068015
242000      16.000000     1     0.065596     247.063935     247.071718     247.068015
243000      16.000000     1     0.065604     247.063935     247.071719     247.068015
244000      16.000000     1     0.065609     247.063935     247.071719     247.068015
245000      16.000000     1     0.065612     247.063935     247.071720     247.068015
246000      16.000000     1     0.065614     247.063935     247.071721     247.068015
247000      16.000000     1     0.065615     247.063935     247.071721     247.068015
248000      16.000000     1     0.065617     247.063935     247.071722     247.068015
249000      16.000000     1     0.065620     247.063935     247.071723     247.068015
250000      16.000000     1     0.065626     247.063935     247.071723     247.068015
251000      16.000000     1     0.065635     247.063935     247.071724     247.068015
252000      16.000000     1     0.065648     247.063935     247.071725     247.068015
253000      16.000000     1     0.065667     247.063935     247.071725     247.068015
254000      16.000000     1     0.065693     247.063935     247.071726     247.068015
255000      16.000000     1     0.065726     247.063935     247.071727     247.068015
256000      16.000000     1     0.065768     247.063935     247.071727     247.068015
257000      16.000000     1     0.065820     247.063935     247.071728     247.068015
258000      16.000000     1     0.065884     247.063935     247.071728     247.068015
259000      16.000000     1     0.065960     247.063935     247.071729     247.068015
260000      16.000000     1     0.066051     247.063935     247.071730     247.068015
261000      16.000000     1     0.066158     247.063935     247.071730     247.068015
262000      16.000000     1     0.066282     247.063935     247.071731     247.068015
263000      16.000000     1     0.066425     247.063935     247.071732     247.068015
264000      16.000000     1     0.066590     247.063935     247.071732     247.068015
265000      16.000000     1     0.066777     247.063935     247.071733     247.068015
266000      16.000000     1     0.066990     247.063935     247.071734     247.068015
267000      16.000000     1     0.067231     247.063935     247.071734     247.068015
268000      16.000000     2     0.067501     247.063935     247.071735     247.068015
269000      18.000000     0     0.067858     247.103094     247.075534     247.102201
270000      16.000000     1     0.068201     247.063935     247.071735     247.068016
271000      16.000000     1     0.068582     247.063935     247.071736     247.068016
272000      16.000000     1     0.069004     247.063935     247.071736     247.068016
273000      16.000000     1     0.069471     247.063935     247.071737     247.068016
274000      16.000000     1     0.069985     247.063935     247.071738     247.068016
275000      16.000000     1     0.070552     247.063935     247.071739     247.068016
276000      16.000000     1     0.071174     247.063935     247.071739     247.068016
277000      16.000000     1     0.071855     247.063935     247.071740     247.068016
278000      16.000000     1     0.072599     247.063935     247.071741     247.068016
279000      16.000000     1     0.073411     247.063935     247.071741     247.068016
280000      16.000000     1     0.074294     247.063935     247.071742     247.068016
281000      16.000000     1     0.075253     247.063935     247.071743     247.068016
282000      16.000000     1     0.076293     247.063935     247.071744     247.068016
283000      16.000000     1     0.077416     247.063935     247.071744     247.068016
284000      16.000000     1     0.078628     247.063935     247.071745     247.068016
285000      16.000000     1     0.079932     247.063935     247.071746     247.068016
286000      16.000000     1     0.081331     247.063935     247.071747     247.068016
287000      16.000000     1     0.082829     247.063935     247.071748     247.068016
288000      16.000000     1     0.084428     247.063935     247.071748     247.068016
289000      16.000000     1     0.086131     247.063935     247.071749     247.068016
290000      16.000000     1     0.087939     247.063935     247.071750     247.068016
291000      16.000000     1     0.089852     247.063935     247.071751     247.068016
292000      16.000000     1     0.091872     247.063935     247.071752     247.068016
293000      16.000000     1     0.093996     247.063935     247.071753     247.068016
294000      16.000000     1     0.096224     247.063935     247.071754     247.068016
295000      16.000000     1     0.098542     247.063935     247.071755     247.068016
296000      16.000000     1     0.100925     247.063935     247.071756     247.068016
297000      16.000000     1     0.103370     247.063935     247.071757     247.068016
298000      16.000000     1     0.105872     247.063935     247.071758     247.068016
299000      16.000000     1     0.108428     247.063935     247.071759     247.068016
300000      16.000000     2     0.111035     247.063935     247.071760     247.068016
301000      18.000000     0     0.113866     247.103094     247.075534     247.102201
302000      16.000000     1     0.116569     247.063935     247.071760     247.068018
303000      16.000000     1     0.119310     247.063935     247.071761     247.068018
304000      16.000000     1     0.122085     247.063935     247.071762     247.068018
305000      16.000000     1     0.124891     247.063935     247.071763     247.068018
306000      16.000000     1     0.127725     247.063935     247.071765     247.068018
307000      16.000000     1     0.130586     247.063935     247.071766     247.068018
308000      16.000000     1     0.133470     247.063935     247.071767     247.068018
309000      16.000000     1     0.136376     247.063935     247.071769     247.068018
310000      16.000000     1     0.139303     247.063935     247.071770     247.068018
311000      16.000000     1     0.142251     247.063935     247.071771     247.068018
312000      16.000000     1     0.145219     247.063935     247.071773     247.068018
313000      16.000000     1     0.148208     247.063935     247.071774     247.068018
314000      16.000000     1     0.151219     247.063935     247.071776     247.068018
315000      16.000000     1     0.154253     247.063935     247.071777     247.068018
316000      16.000000     1     0.157313     247.063935     247.071779     247.068018
317000      16.000000     0     0.160401     247.063935     247.071780     247.068018
318000      14.000000     2     0.162893     247.050182     247.050022     247.054991
319000      16.000000     1     0.166035     247.063936     247.071780     247.068018
320000      16.000000     1     0.169223     247.063936     247.071782     247.068018
321000      16.000000     1     0.172463     247.063936     247.071784     247.068018
322000      16.000000     1     0.175757     247.063936     247.071785     247.068018
323000      16.000000     1     0.179114     247.063936     247.071787     247.068018
324000      16.000000     1     0.182537     247.063936     247.071789     247.068018
325000      16.000000     1     0.186036     247.063936     247.071791     247.068018
326000      16.000000     1     0.189615     247.063936     247.071793     247.068018
327000      16.000000     1     0.193284     247.063936     247.071794     247.068018
328000      16.000000     1     0.197049     247.063936     247.071796     247.068018
329000      16.000000     1     0.200921     247.063936     247.071798     247.068018
330000      16.000000     1     0.204907     247.063936     247.071800     247.068018
331000      16.000000     1     0.209017     247.063936     247.071802     247.068018
332000      16.000000     1     0.213260     247.063936     247.071805     247.068018
333000      16.000000     1     0.217646     247.063936     247.071807     247.068018
334000      16.000000     1     0.222185     247.063936     247.071809     247.068018
335000      16.000000     0     0.226887     247.063936     247.071811     247.068018
336000      14.000000     2     0.230734     247.050182     247.050022     247.054993
337000      16.000000     1     0.235759     247.063938     247.071811     247.068018
338000      16.000000     1     0.240992     247.063938     247.071813     247.068018
339000      16.000000     1     0.246438     247.063938     247.071816     247.068018
340000      16.000000     1     0.252104     247.063938     247.071818     247.068018
341000      16.000000     1     0.257995     247.063938     247.071821     247.068018
342000      16.000000     1     0.264114     247.063938     247.071823     247.068018
343000      16.000000     1     0.270463     247.063938     247.071826     247.068018
344000      16.000000     1     0.277038     247.063938     247.071829     247.068018
345000      16.000000     1     0.283836     247.063938     247.071831     247.068018
346000      16.000000     1     0.290849     247.063938     247.071834     247.068018
347000      16.000000     1     0.298065     247.063938     247.071837     247.068018
348000      16.000000     1     0.305471     247.063938     247.071840     247.068018
349000      16.000000     1     0.313049     247.063938     247.071843     247.068018
350000      16.000000     1     0.320779     247.063938     247.071846     247.068018
351000      16.000000     1     0.328637     247.063938     247.071850     247.068018
352000      16.000000     1     0.336596     247.063938     247.071853     247.068018
353000      16.000000     1     0.344628     247.063938     247.071856     247.068018
354000      16.000000     1     0.352702     247.063938     247.071860     247.068018
355000      16.000000     1     0.360785     247.063938     247.071863     247.068018
356000      16.000000     1     0.368844     247.063938     247.071867     247.068018
357000      16.000000     1     0.376844     247.063938     247.071870     247.068018
358000      16.000000     1     0.384750     247.063938     247.071874     247.068018
359000      16.000000     1     0.392529     247.063938     247.071878     247.068018
360000      16.000000     1     0.400148     247.063938     247.071882     247.068018
361000      16.000000     0     0.407573     247.063938     247.071886     247.068018
362000      14.000000     2     0.413277     247.050182     247.050022     247.054995
363000      16.000000     1     0.420312     247.063942     247.071886     247.068018
364000      16.000000     1     0.427079     247.063942     247.071890     247.068018
365000      16.000000     1     0.433551     247.063942     247.071894     247.068018
366000      16.000000     1     0.439704     247.063942     247.071899     247.068018
367000      16.000000     1     0.445519     247.063942     247.071903     247.068018
368000      16.000000     1     0.450980     247.063942     247.071908     247.068018
369000      16.000000     1     0.456076     247.063942     247.071912     247.068018
370000      16.000000     1     0.460801     247.063942     247.071917     247.068018
371000      16.000000     1     0.465151     247.063942     247.071921     247.068018
372000      16.000000     1     0.469128     247.063942     247.071926     247.068018
373000      16.000000     1     0.472738     247.063942     247.071931     247.068018
374000      16.000000     1     0.475988     247.063942     247.071935     247.068018
375000      16.000000     1     0.478890     247.063942     247.071940     247.068018
376000      16.000000     1     0.481459     247.063942     247.071945     247.068018
377000      16.000000     1     0.483712     247.063942     247.071950     247.068018
378000      16.000000     1     0.485667     247.063942     247.071955     247.068018
379000      16.000000     1     0.487344     247.063942     247.071959     247.068018
380000      16.000000     1     0.488766     247.063942     247.071964     247.068018
381000      16.000000     1     0.489953     247.063942     247.071969     247.068018
382000      16.000000     1     0.490928     247.063942     247.071974     247.068018
383000      16.000000     1     0.491713     247.063942     247.071979     247.068018
384000      16.000000     1     0.492329     247.063942     247.071984     247.068018
385000      16.000000     2     0.492797     247.063942     247.071989     247.068018
386000      18.000000     0     0.493134     247.103095     247.075534     247.102201
387000      16.000000     1     0.493366     247.063942     247.071989     247.068023
388000      16.000000     1     0.493508     247.063942     247.071994     247.068023
389000      16.000000     1     0.493574     247.063942     247.071999     247.068023
390000      16.000000     1     0.493579     247.063942     247.072004     247.068023
391000      16.000000     1     0.493537     247.063942     247.072009     247.068023
392000      16.000000     1     0.493460     247.063942     247.072013     247.068023
393000      16.000000     1     0.493357     247.063942     247.072018     247.068023
394000      16.000000     1     0.493238     247.063942     247.072023     247.068023
395000      16.000000     1     0.493110     247.063942     247.072028     247.068023
396000      16.000000     1     0.492981     247.063942     247.072033     247.068023
397000      16.000000     1     0.492855     247.063942     247.072038     247.068023
398000      16.000000     1     0.492738     247.063942     247.072043     247.068023
399000      16.000000     0     0.492633     247.063942     247.072048     247.068023
400000      14.000000     0     0.492643     247.050182     247.050022     247.055000
401000      12.000000     2     0.492689     246.944748     246.957722     246.989571
402000      14.000000     2     0.492702     247.050186     247.050022     247.055000
403000      16.000000     1     0.492627     247.063947     247.072048     247.068023
404000      16.000000     1     0.492576     247.063947     247.072053     247.068023
405000      16.000000     1     0.492550     247.063947     247.072058     247.068023
406000      16.000000     1     0.492547     247.063947     247.072063     247.068023
407000      16.000000     1     0.492568     247.063947     247.072068     247.068023
408000      16.000000     1     0.492611     247.063947     247.072073     247.068023
409000      16.000000     1     0.492677     247.063947     247.072077     247.068023
410000      16.000000     1     0.492763     247.063947     247.072082     247.068023
411000      16.000000     1     0.492870     247.063947     247.072087     247.068023
412000      16.000000     1     0.492995     247.063947     247.072092     247.068023
413000      16.000000     1     0.493139     247.063947     247.072097     247.068023
414000      16.000000     1     0.493274     247.063947     247.072102     247.068023
415000      16.000000     1     0.493358     247.063947     247.072107     247.068023
416000      16.000000     1     0.493394     247.063947     247.072112     247.068023
417000      16.000000     1     0.493389     247.063947     247.072117     247.068023
418000      16.000000     1     0.493345     247.063947     247.072122     247.068023
419000      16.000000     1     0.493268     247.063947     247.072127     247.068023
420000      16.000000     1     0.493161     247.063947     247.072132     247.068023
421000      16.000000     1     0.493028     247.063947     247.072137     247.068023
422000      16.000000     1     0.492871     247.063947     247.072142     247.068023
423000      16.000000     1     0.492692     247.063947     247.072146     247.068023
424000      16.000000     1     0.492495     247.063947     247.072151     247.068023
425000      16.000000     0     0.492281     247.063947     247.072156     247.068023
426000      14.000000     2     0.492023     247.050186     247.050022     247.055005
427000      16.000000     1     0.491783     247.063952     247.072156     247.068023
428000      16.000000     1     0.491531     247.063952     247.072161     247.068023
429000      16.000000     1     0.491269     247.063952     247.072166     247.068023
430000      16.000000     1     0.490997     247.063952     247.072171     247.068023
431000      16.000000     1     0.490716     247.063952     247.072176     247.068023
432000      16.000000     1     0.490428     247.063952     247.072181     247.068023
433000      16.000000     1     0.490133     247.063952     247.072186     247.068023
434000      16.000000     1     0.489832     247.063952     247.072191     247.068023
435000      16.000000     1     0.489525     247.063952     247.072196     247.068023
436000      16.000000     1     0.489215     247.063952     247.072200     247.068023
437000      16.000000     1     0.488900     247.063952     247.072205     247.068023
438000      16.000000     1     0.488581     247.063952     247.072210     247.068023
439000      16.000000     1     0.488260     247.063952     247.072215     247.068023
440000      16.000000     1     0.487937     247.063952     247.072220     247.068023
441000      16.000000     1     0.487611     247.063952     247.072225     247.068023
442000      16.000000     1     0.487284     247.063952     247.072230     247.068023
443000      16.000000     1     0.486956     247.063952     247.072235     247.068023
444000      16.000000     1     0.486627     247.063952     247.072239     247.068023
445000      16.000000     1     0.486298     247.063952     247.072244     247.068023
446000      16.000000     1     0.485969     247.063952     247.072249     247.068023
447000      16.000000     1     0.485641     247.063952     247.072254     247.068023
448000      16.000000     1     0.485314     247.063952     247.072259     247.068023
449000      16.000000     1     0.484989     247.063952     247.072264     247.068023
450000      16.000000     1     0.484666     247.063952     247.072269     247.068023
451000      16.000000     1     0.484346     247.063952     247.072273     247.068023
452000      16.000000     1     0.484028     247.063952     247.072278     247.068023
453000      16.000000     1     0.483715     247.063952     247.072283     247.068023
454000      16.000000     1     0.483406     247.063952     247.072288     247.068023
455000      16.000000     1     0.483102     247.063952     247.072293     247.068023
456000      16.000000     1     0.482805     247.063952     247.072298     247.068023
457000      16.000000     1     0.482514     247.063952     247.072302     247.068023
458000      16.000000     1     0.482231     247.063952     247.072307     247.068023
459000      16.000000     1     0.481958     247.063952     247.072312     247.068023
460000      16.000000     1     0.481694     247.063952     247.072317     247.068023
461000      16.000000     1     0.481442     247.063952     247.072322     247.068023
462000      16.000000     1     0.481204     247.063952     247.072327     247.068023
463000      16.000000     1     0.480981     247.063952     247.072331     247.068023
464000      16.000000     1     0.480775     247.063952     247.072336     247.068023
465000      16.000000     1     0.480588     247.063952     247.072341     247.068023
466000      16.000000     1     0.480424     247.063952     247.072346     247.068023
467000      16.000000     1     0.480281     247.063952     247.072351     247.068023
468000      16.000000     1     0.480082     247.063952     247.072355     247.068023
469000      16.000000     1     0.479794     247.063952     247.072360     247.068023
470000      16.000000     1     0.479399     247.063952     247.072365     247.068023
471000      16.000000     1     0.478879     247.063952     247.072370     247.068023
472000      16.000000     1     0.478212     247.063952     247.072375     247.068023
473000      16.000000     1     0.477371     247.063952     247.072379     247.068023
474000      16.000000     1     0.476327     247.063952     247.072384     247.068023
475000      16.000000     1     0.475042     247.063952     247.072389     247.068023
476000      16.000000     1     0.473475     247.063952     247.072394     247.068023
477000      16.000000     1     0.471576     247.063952     247.072398     247.068023
478000      16.000000     1     0.469291     247.063952     247.072403     247.068023
479000      16.000000     1     0.466554     247.063952     247.072408     247.068023
480000      16.000000     1     0.463295     247.063952     247.072412     247.068023
481000      16.000000     1     0.459432     247.063952     247.072417     247.068023
482000      16.000000     1     0.454881     247.063952     247.072422     247.068023
483000      16.000000     1     0.449548     247.063952     247.072426     247.068023
484000      16.000000     1     0.443340     247.063952     247.072431     247.068023
485000      16.000000     1     0.436165     247.063952     247.072435     247.068023
486000      16.000000     1     0.427938     247.063952     247.072440     247.068023
487000      16.000000     1     0.418589     247.063952     247.072444     247.068023
488000      16.000000     1     0.408071     247.063952     247.072448     247.068023
489000      16.000000     1     0.396369     247.063952     247.072452     247.068023
490000      16.000000     1     0.383506     247.063952     247.072456     247.068023
491000      16.000000     1     0.369554     247.063952     247.072460     247.068023
492000      16.000000     1     0.354631     247.063952     247.072464     247.068023
493000      16.000000     1     0.338908     247.063952     247.072467     247.068023
494000      16.000000     1     0.322594     247.063952     247.072470     247.068023
495000      16.000000     1     0.305933     247.063952     247.072474     247.068023
496000      16.000000     0     0.289183     247.063952     247.072477     247.068023
497000      14.000000     2     0.276391     247.050186     247.050022     247.055010
498000      16.000000     1     0.259911     247.063955     247.072477     247.068023
499000      16.000000     0     0.244010     247.063955     247.072479     247.068023
500000      14.000000     2     0.232309     247.050186     247.050022     247.055013
501000      16.000000     1     0.217722     247.063957     247.072479     247.068023
502000      16.000000     1     0.204145     247.063957     247.072481     247.068023
503000      16.000000     1     0.191651     247.063957     247.072483     247.068023
504000      16.000000     1     0.180269     247.063957     247.072485     247.068023
505000      16.000000     1     0.169993     247.063957     247.072487     247.068023
506000      16.000000     1     0.160788     247.063957     247.072489     247.068023
507000      16.000000     1     0.152601     247.063957     247.072490     247.068023
508000      16.000000     1     0.145366     247.063957     247.072492     247.068023
509000      16.000000     1     0.139008     247.063957     247.072493     247.068023
510000      16.000000     1     0.133452     247.063957     247.072495     247.068023
511000      16.000000     1     0.128621     247.063957     247.072496     247.068023
512000      16.000000     1     0.124441     247.063957     247.072497     247.068023
513000      16.000000     1     0.120842     247.063957     247.072499     247.068023
514000      16.000000     1     0.117760     247.063957     247.072500     247.068023
515000      16.000000     1     0.115136     247.063957     247.072501     247.068023
516000      16.000000     1     0.112915     247.063957     247.072502     247.068023
517000      16.000000     1     0.111050     247.063957     247.072503     247.068023
518000      16.000000     1     0.109496     247.063957     247.072504     247.068023
519000      16.000000     1     0.108215     247.063957     247.072506     247.068023
520000      16.000000     1     0.107173     247.063957     247.072507     247.068023
521000      16.000000     1     0.106339     247.063957     247.072508     247.068023
522000      16.000000     1     0.105685     247.063957     247.072509     247.068023
523000      16.000000     1     0.105188     247.063957     247.072510     247.068023
524000      16.000000     1     0.104747     247.063957     247.072511     247.068023
525000      16.000000     1     0.104315     247.063957     247.072512     247.068023
526000      16.000000     1     0.103891     247.063957     247.072513     247.068023
527000      16.000000     1     0.103473     247.063957     247.072514     247.068023
528000      16.000000     1     0.103060     247.063957     247.072515     247.068023
529000      16.000000     2     0.102652     247.063957     247.072516     247.068023
530000      18.000000     0     0.102246     247.103100     247.075534     247.102201
531000      16.000000     1     0.101845     247.063957     247.072516     247.068024
532000      16.000000     1     0.101447     247.063957     247.072517     247.068024
533000      16.000000     1     0.101050     247.063957     247.072518     247.068024
534000      16.000000     1     0.100656     247.063957     247.072519     247.068024
535000      16.000000     1     0.100263     247.063957     247.072520     247.068024
536000      16.000000     1     0.099871     247.063957     247.072521     247.068024
537000      16.000000     1     0.099481     247.063957     247.072522     247.068024
538000      16.000000     1     0.099091     247.063957     247.072523     247.068024
539000      16.000000     1     0.098703     247.063957     247.072524     247.068024
540000      16.000000     1     0.098315     247.063957     247.072525     247.068024
541000      16.000000     1     0.097927     247.063957     247.072526     247.068024
542000      16.000000     1     0.097540     247.063957     247.072527     247.068024
543000      16.000000     1     0.097150     247.063957     247.072528     247.068024
544000      16.000000     1     0.096758     247.063957     247.072529     247.068024
545000      16.000000     1     0.096367     247.063957     247.072530     247.068024
546000      16.000000     1     0.095974     247.063957     247.072531     247.068024
547000      16.000000     1     0.095581     247.063957     247.072532     247.068024
548000      16.000000     1     0.095187     247.063957     247.072533     247.068024
549000      16.000000     1     0.094793     247.063957     247.072534     247.068024
550000      16.000000     1     0.094397     247.063957     247.072535     247.068024
551000      16.000000     1     0.094001     247.063957     247.072536     247.068024
552000      16.000000     1     0.093604     247.063957     247.072537     247.068024
553000      16.000000     1     0.093206     247.063957     247.072538     247.068024
554000      16.000000     1     0.092807     247.063957     247.072538     247.068024
555000      16.000000     1     0.092407     247.063957     247.072539     247.068024
556000      16.000000     1     0.092006     247.063957     247.072540     247.068024
557000      16.000000     2     0.091605     247.063957     247.072541     247.068024
558000      18.000000     2     0.091201     247.103100     247.075534     247.102201
559000      19.000000     0     0.090798     247.058732     247.053405     247.050028
560000      18.000000     0     0.090392     247.103100     247.075534     247.102202
561000      16.000000     1     0.089987     247.063957     247.072541     247.068025
562000      16.000000     1     0.089580     247.063957     247.072542     247.068025
563000      16.000000     1     0.089172     247.063957     247.072543     247.068025
564000      16.000000     1     0.088764     247.063957     247.072544     247.068025
565000      16.000000     1     0.088354     247.063957     247.072545     247.068025
566000      16.000000     1     0.087943     247.063957     247.072546     247.068025
567000      16.000000     1     0.087532     247.063957     247.072547     247.068025
568000      16.000000     1     0.087119     247.063957     247.072547     247.068025
569000      16.000000     1     0.086706     247.063957     247.072548     247.068025
570000      16.000000     1     0.086291     247.063957     247.072549     247.068025
571000      16.000000     1     0.085876     247.063957     247.072550     247.068025
572000      16.000000     1     0.085459     247.063957     247.072551     247.068025
573000      16.000000     1     0.085042     247.063957     247.072552     247.068025
574000      16.000000     1     0.084624     247.063957     247.072553     247.068025
575000      16.000000     1     0.084205     247.063957     247.072553     247.068025
576000      16.000000     1     0.083786     247.063957     247.072554     247.068025
577000      16.000000     1     0.083365     247.063957     247.072555     247.068025
578000      16.000000     1     0.082944     247.063957     247.072556     247.068025
579000      16.000000     1     0.082523     247.063957     247.072557     247.068025
580000      16.000000     1     0.082100     247.063957     247.072558     247.068025
581000      16.000000     1     0.081678     247.063957     247.072558     247.068025
582000      16.000000     1     0.081254     247.063957     247.072559     247.068025
583000      16.000000     1     0.080830     247.063957     247.072560     247.068025
584000      16.000000     1     0.080406     247.063957     247.072561     247.068025
585000      16.000000     1     0.079981     247.063957     247.072562     247.068025
586000      16.000000     1     0.079556     247.063957     247.072562     247.068025
587000      16.000000     1     0.079130     247.063957     247.072563     247.068025
588000      16.000000     1     0.078705     247.063957     247.072564     247.068025
589000      16.000000     1     0.078279     247.063957     247.072565     247.068025
590000      16.000000     1     0.077852     247.063957     247.072566     247.068025
591000      16.000000     1     0.077426     247.063957     247.072566     247.068025
592000      16.000000     1     0.077000     247.063957     247.072567     247.068025
593000      16.000000     1     0.076573     247.063957     247.072568     247.068025
594000      16.000000     1     0.076147     247.063957     247.072569     247.068025
595000      16.000000     1     0.075721     247.063957     247.072569     247.068025
596000      16.000000     1     0.075295     247.063957     247.072570     247.068025
597000      16.000000     1     0.074869     247.063957     247.072571     247.068025
598000      16.000000     1     0.074443     247.063957     247.072572     247.068025
599000      16.000000     1     0.074017     247.063957     247.072572     247.068025
600000      16.000000     1     0.073592     247.063957     247.072573     247.068025
601000      16.000000     1     0.073167     247.063957     247.072574     247.068025
602000      16.000000     1     0.072742     247.063957     247.072575     247.068025
603000      16.000000     1     0.072318     247.063957     247.072575     247.068025
604000      16.000000     1     0.071894     247.063957     247.072576     247.068025
605000      16.000000     1     0.071471     247.063957     247.072577     247.068025
606000      16.000000     1     0.071048     247.063957     247.072578     247.068025
607000      16.000000     1     0.070626     247.063957     247.072578     247.068025
608000      16.000000     1     0.070204     247.063957     247.072579     247.068025
609000      16.000000     1     0.069783     247.063957     247.072580     247.068025
610000      16.000000     1     0.069362     247.063957     247.072580     247.068025
611000      16.000000     1     0.068942     247.063957     247.072581     247.068025
612000      16.000000     1     0.068523     247.063957     247.072582     247.068025
613000      16.000000     1     0.068104     247.063957     247.072582     247.068025
614000      16.000000     1     0.067686     247.063957     247.072583     247.068025
615000      16.000000     1     0.067268     247.063957     247.072584     247.068025
616000      16.000000     1     0.066851     247.063957     247.072584     247.068025
617000      16.000000     1     0.066435     247.063957     247.072585     247.068025
618000      16.000000     1     0.066020     247.063957     247.072586     247.068025
619000      16.000000     1     0.065605     247.063957     247.072586     247.068025
620000      16.000000     1     0.065191     247.063957     247.072587     247.068025
621000      16.000000     1     0.064777     247.063957     247.072588     247.068025
622000      16.000000     1     0.064364     247.063957     247.072588     247.068025
623000      16.000000     1     0.063952     247.063957     247.072589     247.068025
624000      16.000000     1     0.063541     247.063957     247.072590     247.068025
625000      16.000000     1     0.063130     247.063957     247.072590     247.068025
626000      16.000000     1     0.062720     247.063957     247.072591     247.068025
627000      16.000000     1     0.062310     247.063957     247.072592     247.068025
628000      16.000000     1     0.061901     247.063957     247.072592     247.068025
629000      16.000000     1     0.061493     247.063957     247.072593     247.068025
630000      16.000000     1     0.061085     247.063957     247.072593     247.068025
631000      16.000000     1     0.060677     247.063957     247.072594     247.068025
632000      16.000000     1     0.060270     247.063957     247.072595     247.068025
633000      16.000000     1     0.059864     247.063957     247.072595     247.068025
634000      16.000000     1     0.059458     247.063957     247.072596     247.068025
635000      16.000000     1     0.059053     247.063957     247.072596     247.068025
636000      16.000000     1     0.058648     247.063957     247.072597     247.068025
637000      16.000000     1     0.058244     247.063957     247.072598     247.068025
638000      16.000000     1     0.057839     247.063957     247.072598     247.068025
639000      16.000000     0     0.057436     247.063957     247.072599     247.068025
640000      14.000000     2     0.057033     247.050186     247.050022     247.055015
641000      16.000000     1     0.056630     247.063957     247.072599     247.068025
642000      16.000000     1     0.056227     247.063957     247.072599     247.068025
643000      16.000000     1     0.055825     247.063957     247.072600     247.068025
644000      16.000000     1     0.055423     247.063957     247.072600     247.068025
645000      16.000000     1     0.055021     247.063957     247.072601     247.068025
646000      16.000000     1     0.054620     247.063957     247.072602     247.068025
647000      16.000000     0     0.054218     247.063957     247.072602     247.068025
648000      14.000000     2     0.053817     247.050186     247.050022     247.055016
649000      16.000000     1     0.053416     247.063958     247.072602     247.068025
650000      16.000000     1     0.053015     247.063958     247.072603     247.068025
651000      16.000000     1     0.052615     247.063958     247.072603     247.068025
652000      16.000000     1     0.052214     247.063958     247.072604     247.068025
653000      16.000000     1     0.051814     247.063958     247.072604     247.068025
654000      16.000000     1     0.051414     247.063958     247.072605     247.068025
655000      16.000000     1     0.051014     247.063958     247.072605     247.068025
656000      16.000000     1     0.050614     247.063958     247.072606     247.068025
657000      16.000000     1     0.050214     247.063958     247.072606     247.068025
658000      16.000000     1     0.049814     247.063958     247.072607     247.068025
659000      16.000000     1     0.049415     247.063958     247.072607     247.068025
660000      16.000000     1     0.049016     247.063958     247.072608     247.068025
661000      16.000000     1     0.048617     247.063958     247.072608     247.068025
662000      16.000000     1     0.048218     247.063958     247.072609     247.068025
663000      16.000000     1     0.047820     247.063958     247.072609     247.068025
664000      16.000000     1     0.047422     247.063958     247.072610     247.068025
665000      16.000000     1     0.047025     247.063958     247.072610     247.068025
666000      16.000000     1     0.046628     247.063958     247.072611     247.068025
667000      16.000000     1     0.046232     247.063958     247.072611     247.068025
668000      16.000000     1     0.045836     247.063958     247.072611     247.068025
669000      16.000000     1     0.045441     247.063958     247.072612     247.068025
670000      16.000000     1     0.045047     247.063958     247.072612     247.068025
671000      16.000000     1     0.044654     247.063958     247.072613     247.068025
672000      16.000000     1     0.044262     247.063958     247.072613     247.068025
673000      16.000000     1     0.043871     247.063958     247.072614     247.068025
674000      16.000000     1     0.043480     247.063958     247.072614     247.068025
675000      16.000000     1     0.043091     247.063958     247.072615     247.068025
676000      16.000000     1     0.042704     247.063958     247.072615     247.068025
677000      16.000000     1     0.042317     247.063958     247.072615     247.068025
678000      16.000000     1     0.041933     247.063958     247.072616     247.068025
679000      16.000000     1     0.041550     247.063958     247.072616     247.068025
680000      16.000000     1     0.041168     247.063958     247.072617     247.068025
681000      16.000000     1     0.040789     247.063958     247.072617     247.068025
682000      16.000000     1     0.040412     247.063958     247.072617     247.068025
683000      16.000000     1     0.040037     247.063958     247.072618     247.068025
684000      16.000000     1     0.039664     247.063958     247.072618     247.068025
685000      16.000000     1     0.039295     247.063958     247.072619     247.068025
686000      16.000000     1     0.038928     247.063958     247.072619     247.068025
687000      16.000000     1     0.038564     247.063958     247.072619     247.068025
688000      16.000000     1     0.038204     247.063958     247.072620     247.068025
689000      16.000000     1     0.037848     247.063958     247.072620     247.068025
690000      16.000000     1     0.037496     247.063958     247.072621     247.068025
691000      16.000000     1     0.037149     247.063958     247.072621     247.068025
692000      16.000000     1     0.036806     247.063958     247.072621     247.068025
693000      16.000000     1     0.036469     247.063958     247.072622     247.068025
694000      16.000000     1     0.036138     247.063958     247.072622     247.068025
695000      16.000000     1     0.035814     247.063958     247.072622     247.068025
696000      16.000000     1     0.035497     247.063958     247.072623     247.068025
697000      16.000000     1     0.035189     247.063958     247.072623     247.068025
698000      16.000000     1     0.034889     247.063958     247.072624     247.068025
699000      16.000000     1     0.034599     247.063958     247.072624     247.068025
700000      16.000000     1     0.034320     247.063958     247.072624     247.068025
701000      16.000000     1     0.034054     247.063958     247.072625     247.068025
702000      16.000000     1     0.033802     247.063958     247.072625     247.068025
703000      16.000000     1     0.033564     247.063958     247.072625     247.068025
704000      16.000000     1     0.033344     247.063958     247.072626     247.068025
705000      16.000000     1     0.033144     247.063958     247.072626     247.068025
706000      16.000000     1     0.032965     247.063958     247.072626     247.068025
707000      16.000000     1     0.032811     247.063958     247.072627     247.068025
708000      16.000000     1     0.032684     247.063958     247.072627     247.068025
709000      16.000000     1     0.032589     247.063958     247.072627     247.068025
710000      16.000000     1     0.032530     247.063958     247.072628     247.068025
711000      16.000000     1     0.032511     247.063958     247.072628     247.068025
712000      16.000000     1     0.032538     247.063958     247.072628     247.068025
713000      16.000000     0     0.032618     247.063958     247.072628     247.068025
714000      14.000000     2     0.032638     247.050186     247.050022     247.055017
715000      16.000000     1     0.032838     247.063958     247.072628     247.068025
716000      16.000000     1     0.033102     247.063958     247.072629     247.068025
717000      16.000000     1     0.033367     247.063958     247.072629     247.068025
718000      16.000000     1     0.033622     247.063958     247.072629     247.068025
719000      16.000000     1     0.033867     247.063958     247.072630     247.068025
720000      16.000000     1     0.034102     247.063958     247.072630     247.068025
721000      16.000000     1     0.034327     247.063958     247.072630     247.068025
722000      16.000000     1     0.034542     247.063958     247.072631     247.068025
723000      16.000000     1     0.034746     247.063958     247.072631     247.068025
724000      16.000000     1     0.034941     247.063958     247.072631     247.068025
725000      16.000000     1     0.035128     247.063958     247.072632     247.068025
726000      16.000000     1     0.035309     247.063958     247.072632     247.068025
727000      16.000000     1     0.035489     247.063958     247.072633     247.068025
728000      16.000000     1     0.035672     247.063958     247.072633     247.068025
729000      16.000000     1     0.035866     247.063958     247.072633     247.068025
730000      16.000000     1     0.036084     247.063958     247.072634     247.068025
731000      16.000000     1     0.036341     247.063958     247.072634     247.068025
732000      16.000000     1     0.036662     247.063958     247.072634     247.068025
733000      16.000000     1     0.037081     247.063958     247.072635     247.068025
734000      16.000000     1     0.037643     247.063958     247.072635     247.068025
735000      16.000000     1     0.038416     247.063958     247.072635     247.068025
736000      16.000000     1     0.039490     247.063958     247.072636     247.068025
737000      16.000000     1     0.040990     247.063958     247.072636     247.068025
738000      16.000000     1     0.043089     247.063958     247.072637     247.068025
739000      16.000000     1     0.046020     247.063958     247.072637     247.068025
740000      16.000000     1     0.050092     247.063958     247.072638     247.068025
741000      16.000000     1     0.055707     247.063958     247.072638     247.068025
742000      16.000000     1     0.063366     247.063958     247.072639     247.068025
743000      16.000000     1     0.073667     247.063958     247.072639     247.068025
744000      16.000000     1     0.087264     247.063958     247.072640     247.068025
745000      16.000000     1     0.104785     247.063958     247.072641     247.068025
746000      16.000000     1     0.126685     247.063958     247.072642     247.068025
747000      16.000000     1     0.153067     247.063958     247.072643     247.068025
748000      16.000000     1     0.183507     247.063958     247.072645     247.068025
749000      16.000000     1     0.216988     247.063958     247.072647     247.068025
750000      16.000000     1     0.252002     247.063958     247.072649     247.068025
751000      16.000000     1     0.286836     247.063958     247.072651     247.068025
752000      16.000000     1     0.319919     247.063958     247.072654     247.068025
753000      16.000000     1     0.350088     247.063958     247.072657     247.068025
754000      16.000000     1     0.376698     247.063958     247.072661     247.068025
755000      16.000000     1     0.399581     247.063958     247.072665     247.068025
756000      16.000000     1     0.418906     247.063958     247.072669     247.068025
757000      16.000000     1     0.435041     247.063958     247.072673     247.068025
758000      16.000000     1     0.448433     247.063958     247.072677     247.068025
759000      16.000000     1     0.459531     247.063958     247.072682     247.068025
760000      16.000000     1     0.468746     247.063958     247.072686     247.068025
761000      16.000000     1     0.476430     247.063958     247.072691     247.068025
762000      16.000000     1     0.482877     247.063958     247.072696     247.068025
763000      16.000000     1     0.488328     247.063958     247.072700     247.068025
764000      16.000000     1     0.492974     247.063958     247.072705     247.068025
765000      16.000000     1     0.496969     247.063958     247.072710     247.068025
766000      16.000000     1     0.500436     247.063958     247.072715     247.068025
767000      16.000000     1     0.503470     247.063958     247.072720     247.068025
768000      16.000000     1     0.506150     247.063958     247.072725     247.068025
769000      16.000000     1     0.508536     247.063958     247.072730     247.068025
770000      16.000000     1     0.510678     247.063958     247.072735     247.068025
771000      16.000000     1     0.512616     247.063958     247.072741     247.068025
772000      16.000000     1     0.514380     247.063958     247.072746     247.068025
773000      16.000000     1     0.515997     247.063958     247.072751     247.068025
774000      16.000000     1     0.517487     247.063958     247.072756     247.068025
775000      16.000000     1     0.518869     247.063958     247.072761     247.068025
776000      16.000000     1     0.520156     247.063958     247.072766     247.068025
777000      16.000000     1     0.521360     247.063958     247.072772     247.068025
778000      16.000000     1     0.522490     247.063958     247.072777     247.068025
779000      16.000000     1     0.523555     247.063958     247.072782     247.068025
780000      16.000000     1     0.524561     247.063958     247.072787     247.068025
781000      16.000000     1     0.525515     247.063958     247.072792     247.068025
782000      16.000000     1     0.526421     247.063958     247.072798     247.068025
783000      16.000000     1     0.527283     247.063958     247.072803     247.068025
784000      16.000000     1     0.528104     247.063958     247.072808     247.068025
785000      16.000000     1     0.528889     247.063958     247.072814     247.068025
786000      16.000000     1     0.529640     247.063958     247.072819     247.068025
787000      16.000000     1     0.530359     247.063958     247.072824     247.068025
788000      16.000000     1     0.531048     247.063958     247.072829     247.068025
789000      16.000000     1     0.531709     247.063958     247.072835     247.068025
790000      16.000000     1     0.532345     247.063958     247.072840     247.068025
791000      16.000000     1     0.532957     247.063958     247.072845     247.068025
792000      16.000000     1     0.533546     247.063958     247.072851     247.068025
793000      16.000000     1     0.534095     247.063958     247.072856     247.068025
794000      16.000000     1     0.534573     247.063958     247.072861     247.068025
795000      16.000000     1     0.534984     247.063958     247.072867     247.068025
796000      16.000000     1     0.535329     247.063958     247.072872     247.068025
797000      16.000000     1     0.535614     247.063958     247.072877     247.068025
798000      16.000000     1     0.535840     247.063958     247.072883     247.068025
799000      16.000000     1     0.536010     247.063958     247.072888     247.068025
800000      16.000000     1     0.536129     247.063958     247.072893     247.068025
801000      16.000000     1     0.536200     247.063958     247.072899     247.068025
802000      16.000000     1     0.536226     247.063958     247.072904     247.068025
803000      16.000000     1     0.536210     247.063958     247.072910     247.068025
804000      16.000000     1     0.536155     247.063958     247.072915     247.068025
805000      16.000000     1     0.536067     247.063958     247.072920     247.068025
806000      16.000000     1     0.535946     247.063958     247.072926     247.068025
807000      16.000000     1     0.535798     247.063958     247.072931     247.068025
808000      16.000000     2     0.535624     247.063958     247.072936     247.068025
809000      18.000000     0     0.535437     247.103101     247.075534     247.102202
810000      16.000000     1     0.535221     247.063958     247.072936     247.068031
811000      16.000000     1     0.534989     247.063958     247.072942     247.068031
812000      16.000000     1     0.534742     247.063958     247.072947     247.068031
813000      16.000000     1     0.534483     247.063958     247.072952     247.068031
814000      16.000000     1     0.534213     247.063958     247.072958     247.068031
815000      16.000000     1     0.533933     247.063958     247.072963     247.068031
816000      16.000000     1     0.533644     247.063958     247.072968     247.068031
817000      16.000000     1     0.533347     247.063958     247.072974     247.068031
818000      16.000000     1     0.533041     247.063958     247.072979     247.068031
819000      16.000000     1     0.532726     247.063958     247.072984     247.068031
820000      16.000000     1     0.532402     247.063958     247.072990     247.068031
821000      16.000000     1     0.532068     247.063958     247.072995     247.068031
822000      16.000000     1     0.531722     247.063958     247.073000     247.068031
823000      16.000000     1     0.531363     247.063958     247.073006     247.068031
824000      16.000000     1     0.531047     247.063958     247.073011     247.068031
825000      16.000000     1     0.530735     247.063958     247.073016     247.068031
826000      16.000000     1     0.530420     247.063958     247.073022     247.068031
827000      16.000000     1     0.530100     247.063958     247.073027     247.068031
828000      16.000000     1     0.529776     247.063958     247.073032     247.068031
829000      16.000000     1     0.529448     247.063958     247.073038     247.068031
830000      16.000000     1     0.529117     247.063958     247.073043     247.068031
831000      16.000000     1     0.528782     247.063958     247.073048     247.068031
832000      16.000000     1     0.528444     247.063958     247.073053     247.068031
833000      16.000000     1     0.528103     247.063958     247.073059     247.068031
834000      16.000000     1     0.527758     247.063958     247.073064     247.068031
835000      16.000000     1     0.527411     247.063958     247.073069     247.068031
836000      16.000000     1     0.527061     247.063958     247.073075     247.068031
837000      16.000000     1     0.526709     247.063958     247.073080     247.068031
838000      16.000000     1     0.526354     247.063958     247.073085     247.068031
839000      16.000000     1     0.525997     247.063958     247.073090     247.068031
840000      16.000000     1     0.525637     247.063958     247.073096     247.068031
841000      16.000000     1     0.525277     247.063958     247.073101     247.068031
842000      16.000000     1     0.524914     247.063958     247.073106     247.068031
843000      16.000000     1     0.524549     247.063958     247.073111     247.068031
844000      16.000000     1     0.524183     247.063958     247.073117     247.068031
845000      16.000000     1     0.523816     247.063958     247.073122     247.068031
846000      16.000000     1     0.523448     247.063958     247.073127     247.068031
847000      16.000000     1     0.523078     247.063958     247.073132     247.068031
848000      16.000000     1     0.522708     247.063958     247.073138     247.068031
849000      16.000000     1     0.522336     247.063958     247.073143     247.068031
850000      16.000000     1     0.521964     247.063958     247.073148     247.068031
851000      16.000000     1     0.521592     247.063958     247.073153     247.068031
852000      16.000000     0     0.521218     247.063958     247.073158     247.068031
853000      14.000000     2     0.520850     247.050186     247.050022     247.055017
854000      16.000000     1     0.520476     247.063963     247.073158     247.068031
855000      16.000000     1     0.520101     247.063963     247.073164     247.068031
856000      16.000000     1     0.519726     247.063963     247.073169     247.068031
857000      16.000000     1     0.519351     247.063963     247.073174     247.068031
858000      16.000000     1     0.518976     247.063963     247.073179     247.068031
859000      16.000000     1     0.518601     247.063963     247.073184     247.068031
860000      16.000000     1     0.518226     247.063963     247.073189     247.068031
861000      16.000000     1     0.517850     247.063963     247.073195     247.068031
862000      16.000000     1     0.517475     247.063963     247.073200     247.068031
863000      16.000000     1     0.517099     247.063963     247.073205     247.068031
864000      16.000000     1     0.516724     247.063963     247.073210     247.068031
865000      16.000000     1     0.516348     247.063963     247.073215     247.068031
866000      16.000000     1     0.515973     247.063963     247.073221     247.068031
867000      16.000000     1     0.515597     247.063963     247.073226     247.068031
868000      16.000000     1     0.515222     247.063963     247.073231     247.068031
869000      16.000000     1     0.514846     247.063963     247.073236     247.068031
870000      16.000000     1     0.514471     247.063963     247.073241     247.068031
871000      16.000000     1     0.514096     247.063963     247.073246     247.068031
872000      16.000000     1     0.513720     247.063963     247.073251     247.068031
873000      16.000000     1     0.513344     247.063963     247.073257     247.068031
874000      16.000000     0     0.512969     247.063963     247.073262     247.068031
875000      14.000000     2     0.512593     247.050186     247.050022     247.055023
876000      16.000000     1     0.512217     247.063968     247.073262     247.068031
877000      16.000000     1     0.511841     247.063968     247.073267     247.068031
878000      16.000000     1     0.511465     247.063968     247.073272     247.068031
879000      16.000000     1     0.511088     247.063968     247.073277     247.068031
880000      16.000000     1     0.510711     247.063968     247.073282     247.068031
881000      16.000000     1     0.510334     247.063968     247.073287     247.068031
882000      16.000000     1     0.509957     247.063968     247.073292     247.068031
883000      16.000000     1     0.509579     247.063968     247.073297     247.068031
884000      16.000000     1     0.509200     247.063968     247.073302     247.068031
885000      16.000000     0     0.508822     247.063968     247.073307     247.068031
886000      14.000000     2     0.508443     247.050186     247.050022     247.055028
887000      16.000000     1     0.508063     247.063973     247.073307     247.068031
888000      16.000000     1     0.507684     247.063973     247.073313     247.068031
889000      16.000000     1     0.507304     247.063973     247.073318     247.068031
890000      16.000000     1     0.506923     247.063973     247.073323     247.068031
891000      16.000000     1     0.506543     247.063973     247.073328     247.068031
892000      16.000000     1     0.506163     247.063973     247.073333     247.068031
893000      16.000000     1     0.505782     247.063973     247.073338     247.068031
894000      16.000000     1     0.505402     247.063973     247.073343     247.068031
895000      16.000000     1     0.505021     247.063973     247.073348     247.068031
896000      16.000000     1     0.504641     247.063973     247.073353     247.068031
897000      16.000000     1     0.504261     247.063973     247.073358     247.068031
898000      16.000000     1     0.503882     247.063973     247.073363     247.068031
899000      16.000000     1     0.503502     247.063973     247.073368     247.068031
900000      16.000000     1     0.503124     247.063973     247.073373     247.068031
901000      16.000000     1     0.502746     247.063973     247.073378     247.068031
902000      16.000000     1     0.502369     247.063973     247.073383     247.068031
903000      16.000000     1     0.501992     247.063973     247.073388     247.068031
904000      16.000000     1     0.501617     247.063973     247.073393     247.068031
905000      16.000000     1     0.501242     247.063973     247.073398     247.068031
906000      16.000000     1     0.500869     247.063973     247.073403     247.068031
907000      16.000000     1     0.500498     247.063973     247.073408     247.068031
908000      16.000000     1     0.500127     247.063973     247.073413     247.068031
909000      16.000000     1     0.499759     247.063973     247.073418     247.068031
910000      16.000000     1     0.499392     247.063973     247.073423     247.068031
911000      16.000000     1     0.499026     247.063973     247.073428     247.068031
912000      16.000000     1     0.498663     247.063973     247.073433     247.068031
913000      16.000000     1     0.498302     247.063973     247.073438     247.068031
914000      16.000000     1     0.497943     247.063973     247.073443     247.068031
915000      16.000000     1     0.497586     247.063973     247.073448     247.068031
916000      16.000000     1     0.497232     247.063973     247.073453     247.068031
917000      16.000000     1     0.496881     247.063973     247.073458     247.068031
918000      16.000000     1     0.496532     247.063973     247.073463     247.068031
919000      16.000000     1     0.496186     247.063973     247.073468     247.068031
920000      16.000000     1     0.495843     247.063973     247.073473     247.068031
921000      16.000000     1     0.495502     247.063973     247.073478     247.068031
922000      16.000000     1     0.495166     247.063973     247.073483     247.068031
923000      16.000000     1     0.494832     247.063973     247.073488     247.068031
924000      16.000000     1     0.494501     247.063973     247.073493     247.068031
925000      16.000000     1     0.494174     247.063973     247.073498     247.068031
926000      16.000000     1     0.493850     247.063973     247.073503     247.068031
927000      16.000000     1     0.493530     247.063973     247.073508     247.068031
928000      16.000000     1     0.493213     247.063973     247.073513     247.068031
929000      16.000000     1     0.492899     247.063973     247.073518     247.068031
930000      16.000000     1     0.492588     247.063973     247.073523     247.068031
931000      16.000000     1     0.492280     247.063973     247.073527     247.068031
932000      16.000000     1     0.491974     247.063973     247.073532     247.068031
933000      16.000000     1     0.491672     247.063973     247.073537     247.068031
934000      16.000000     1     0.491371     247.063973     247.073542     247.068031
935000      16.000000     1     0.491073     247.063973     247.073547     247.068031
936000      16.000000     1     0.490776     247.063973     247.073552     247.068031
937000      16.000000     1     0.490480     247.063973     247.073557     247.068031
938000      16.000000     1     0.490186     247.063973     247.073562     247.068031
939000      16.000000     1     0.489891     247.063973     247.073567     247.068031
940000      16.000000     1     0.489597     247.063973     247.073572     247.068031
941000      16.000000     1     0.489302     247.063973     247.073577     247.068031
942000      16.000000     1     0.489007     247.063973     247.073581     247.068031
943000      16.000000     1     0.488710     247.063973     247.073586     247.068031
944000      16.000000     1     0.488411     247.063973     247.073591     247.068031
945000      16.000000     1     0.488110     247.063973     247.073596     247.068031
946000      16.000000     1     0.487806     247.063973     247.073601     247.068031
947000      16.000000     1     0.487500     247.063973     247.073606     247.068031
948000      16.000000     1     0.487190     247.063973     247.073611     247.068031
949000      16.000000     1     0.486876     247.063973     247.073616     247.068031
950000      16.000000     1     0.486559     247.063973     247.073621     247.068031
951000      16.000000     1     0.486238     247.063973     247.073625     247.068031
952000      16.000000     1     0.485913     247.063973     247.073630     247.068031
953000      16.000000     1     0.485583     247.063973     247.073635     247.068031
954000      16.000000     1     0.485249     247.063973     247.073640     247.068031
955000      16.000000     1     0.484910     247.063973     247.073645     247.068031
956000      16.000000     1     0.484567     247.063973     247.073650     247.068031
957000      16.000000     1     0.484220     247.063973     247.073655     247.068031
958000      16.000000     1     0.483868     247.063973     247.073659     247.068031
959000      16.000000     1     0.483513     247.063973     247.073664     247.068031
960000      16.000000     1     0.483153     247.063973     247.073669     247.068031
961000      16.000000     1     0.482789     247.063973     247.073674     247.068031
962000      16.000000     1     0.482422     247.063973     247.073679     247.068031
963000      16.000000     0     0.482051     247.063973     247.073683     247.068031
964000      14.000000     2     0.481672     247.050186     247.050022     247.055033
965000      16.000000     1     0.481295     247.063978     247.073683     247.068031
966000      16.000000     1     0.480915     247.063978     247.073688     247.068031
967000      16.000000     1     0.480532     247.063978     247.073693     247.068031
968000      16.000000     1     0.480146     247.063978     247.073698     247.068031
969000      16.000000     1     0.479758     247.063978     247.073703     247.068031
970000      16.000000     1     0.479368     247.063978     247.073707     247.068031
971000      16.000000     1     0.478976     247.063978     247.073712     247.068031
972000      16.000000     1     0.478582     247.063978     247.073717     247.068031
973000      16.000000     1     0.478186     247.063978     247.073722     247.068031
974000      16.000000     1     0.477789     247.063978     247.073727     247.068031
975000      16.000000     1     0.477391     247.063978     247.073731     247.068031
976000      16.000000     1     0.476991     247.063978     247.073736     247.068031
977000      16.000000     1     0.476590     247.063978     247.073741     247.068031
978000      16.000000     1     0.476188     247.063978     247.073746     247.068031
979000      16.000000     1     0.475786     247.063978     247.073750     247.068031
980000      16.000000     1     0.475382     247.063978     247.073755     247.068031
981000      16.000000     1     0.474978     247.063978     247.073760     247.068031
982000      16.000000     1     0.474573     247.063978     247.073765     247.068031
983000      16.000000     1     0.474168     247.063978     247.073769     247.068031
984000      16.000000     1     0.473762     247.063978     247.073774     247.068031
985000      16.000000     1     0.473355     247.063978     247.073779     247.068031
986000      16.000000     1     0.472949     247.063978     247.073784     247.068031
987000      16.000000     1     0.472542     247.063978     247.073788     247.068031
988000      16.000000     1     0.472134     247.063978     247.073793     247.068031
989000      16.000000     1     0.471726     247.063978     247.073798     247.068031
990000      16.000000     1     0.471318     247.063978     247.073803     247.068031
991000      16.000000     1     0.470910     247.063978     247.073807     247.068031
992000      16.000000     1     0.470501     247.063978     247.073812     247.068031
993000      16.000000     1     0.470092     247.063978     247.073817     247.068031
994000      16.000000     1     0.469683     247.063978     247.073821     247.068031
995000      16.000000     1     0.469274     247.063978     247.073826     247.068031
996000      16.000000     1     0.468864     247.063978     247.073831     247.068031
997000      16.000000     1     0.468453     247.063978     247.073835     247.068031
998000      16.000000     1     0.468043     247.063978     247.073840     247.068031
999000      16.000000     1     0.467632     247.063978     247.073845     247.068031
1000000      16.000000     1     0.467221     247.063978     247.073850     247.068031
