episode,epsilon,Alpha,steps,return
0,0.900000,0.001000,198020,1.825644
1,0.900000,0.001000,817497,0.986377
2,0.900000,0.001000,226857,1.308397
3,0.900000,0.001000,267804,1.111468
4,0.900000,0.001000,1000001,267.381216
5,0.900000,0.001000,1000001,245.997528
6,0.900000,0.001000,828343,26.852385
7,0.900000,0.001000,775325,176.030293
8,0.900000,0.001000,1000001,26.763539
9,0.900000,0.001000,1000001,28.957430
10,0.900000,0.001000,1000001,32.209975
11,0.900000,0.001000,1000001,40.993101
12,0.900000,0.001000,1000001,50.367847
13,0.900000,0.001000,1000001,56.941384
14,0.900000,0.001000,1000001,67.083787
15,0.900000,0.001000,1000001,76.213392
16,0.900000,0.001000,1000001,75.935434
17,0.900000,0.001000,1000001,72.050862
18,0.900000,0.001000,1000001,76.243373
19,0.900000,0.001000,1000001,71.257145
20,0.900000,0.001000,1000001,66.999670
21,0.900000,0.001000,1000001,80.913799
22,0.900000,0.001000,1000001,75.905579
23,0.900000,0.001000,1000001,65.978224
24,0.900000,0.001000,1000001,64.680985
25,0.900000,0.001000,1000001,77.219573
26,0.900000,0.001000,1000001,65.632555
27,0.900000,0.001000,1000001,75.867622
28,0.900000,0.001000,1000001,76.647640
29,0.900000,0.001000,1000001,203.367319
30,0.900000,0.001000,1000001,243.827606
31,0.900000,0.001000,1000001,232.440882
32,0.900000,0.001000,1000001,167.651356
33,0.900000,0.001000,1000001,131.265058
34,0.900000,0.001000,1000001,161.408273
35,0.900000,0.001000,1000001,219.181119
36,0.900000,0.001000,1000001,229.302222
37,0.900000,0.001000,1000001,223.303201
38,0.900000,0.001000,1000001,221.094023
39,0.900000,0.001000,1000001,224.411220
40,0.900000,0.001000,1000001,237.262222
41,0.900000,0.001000,1000001,226.703562
42,0.900000,0.001000,1000001,222.248587
43,0.900000,0.001000,1000001,235.073953
44,0.900000,0.001000,1000001,240.468935
45,0.900000,0.001000,1000001,237.538938
46,0.900000,0.001000,1000001,234.798901
47,0.900000,0.001000,1000001,238.308821
48,0.900000,0.001000,1000001,240.039666
49,0.900000,0.001000,1000001,225.198462
50,0.900000,0.001000,1000001,236.582208
51,0.900000,0.001000,1000001,181.879123
52,0.900000,0.001000,1000001,238.332893
53,0.900000,0.001000,1000001,232.401411
54,0.900000,0.001000,1000001,236.327391
55,0.900000,0.001000,1000001,238.059094
56,0.900000,0.001000,1000001,237.845803
57,0.900000,0.001000,1000001,236.716138
58,0.900000,0.001000,1000001,238.178335
59,0.900000,0.001000,1000001,239.173320
60,0.900000,0.001000,1000001,237.239094
61,0.900000,0.001000,1000001,241.628979
62,0.900000,0.001000,1000001,238.501152
63,0.900000,0.001000,1000001,239.621094
64,0.900000,0.001000,1000001,237.910665
65,0.900000,0.001000,1000001,239.218797
66,0.900000,0.001000,1000001,222.526017
67,0.900000,0.001000,1000001,224.965712
68,0.900000,0.001000,1000001,134.733365
69,0.900000,0.001000,1000001,216.465453
70,0.900000,0.001000,1000001,238.268538
71,0.900000,0.001000,1000001,146.462426
72,0.900000,0.001000,1000001,227.692229
73,0.900000,0.001000,1000001,239.184875
74,0.900000,0.001000,1000001,233.917310
75,0.900000,0.001000,1000001,237.856390
76,0.900000,0.001000,1000001,238.130056
77,0.900000,0.001000,1000001,237.849096
78,0.900000,0.001000,1000001,241.428445
79,0.900000,0.001000,1000001,243.704507
80,0.900000,0.001000,1000001,237.958025
81,0.900000,0.001000,1000001,237.644200
82,0.900000,0.001000,1000001,238.791328
83,0.900000,0.001000,1000001,238.250473
84,0.900000,0.001000,1000001,234.419257
85,0.900000,0.001000,1000001,235.338222
86,0.900000,0.001000,1000001,240.166440
87,0.900000,0.001000,1000001,237.082019
88,0.900000,0.001000,1000001,236.907603
89,0.900000,0.001000,1000001,214.729448
90,0.900000,0.001000,1000001,214.920367
91,0.900000,0.001000,1000001,196.949205
92,0.900000,0.001000,1000001,215.663404
93,0.900000,0.001000,1000001,199.067171
94,0.900000,0.001000,1000001,229.135999
95,0.900000,0.001000,1000001,238.192063
96,0.900000,0.001000,1000001,239.128134
97,0.900000,0.001000,1000001,213.252152
98,0.900000,0.001000,1000001,237.206999
99,0.900000,0.001000,1000001,215.068117
100,0.900000,0.001000,1000001,237.915371
101,0.900000,0.001000,1000001,238.130250
102,0.900000,0.001000,1000001,214.354076
103,0.900000,0.001000,1000001,132.753425
104,0.900000,0.001000,1000001,132.784664
105,0.900000,0.001000,1000001,236.732392
106,0.900000,0.001000,1000001,215.188547
107,0.900000,0.001000,1000001,215.790431
108,0.900000,0.001000,1000001,214.096408
109,0.900000,0.001000,1000001,217.592546
110,0.900000,0.001000,1000001,225.246604
111,0.900000,0.001000,1000001,197.041895
112,0.900000,0.001000,1000001,227.050097
113,0.900000,0.001000,1000001,196.917675
114,0.900000,0.001000,1000001,213.696201
115,0.900000,0.001000,1000001,216.622294
116,0.900000,0.001000,1000001,228.234579
117,0.900000,0.001000,1000001,241.303089
118,0.900000,0.001000,1000001,215.752145
119,0.900000,0.001000,1000001,214.906442
120,0.900000,0.001000,1000001,219.626482
121,0.900000,0.001000,1000001,215.682568
122,0.900000,0.001000,1000001,243.120024
123,0.900000,0.001000,1000001,235.479255
124,0.900000,0.001000,1000001,236.474311
125,0.900000,0.001000,1000001,238.869528
126,0.900000,0.001000,1000001,237.116027
127,0.900000,0.001000,1000001,236.615479
128,0.900000,0.001000,1000001,238.674720
129,0.900000,0.001000,1000001,238.910730
130,0.900000,0.001000,1000001,238.172728
131,0.900000,0.001000,1000001,237.801738
132,0.900000,0.001000,1000001,241.909092
133,0.900000,0.001000,1000001,214.519185
134,0.900000,0.001000,1000001,197.654298
135,0.900000,0.001000,1000001,211.199956
136,0.900000,0.001000,1000001,215.068793
137,0.900000,0.001000,1000001,238.109870
138,0.900000,0.001000,1000001,237.592300
139,0.900000,0.001000,1000001,131.727095
140,0.900000,0.001000,1000001,219.712992
141,0.900000,0.001000,1000001,181.453765
142,0.900000,0.001000,1000001,237.010460
143,0.900000,0.001000,1000001,130.770064
144,0.900000,0.001000,1000001,179.478367
145,0.900000,0.001000,1000001,239.278665
146,0.900000,0.001000,1000001,180.458455
147,0.900000,0.001000,1000001,85.541476
148,0.900000,0.001000,1000001,175.235918
149,0.900000,0.001000,1000001,175.846501
150,0.900000,0.001000,1000001,184.289340
151,0.900000,0.001000,1000001,131.155661
152,0.900000,0.001000,1000001,183.412607
153,0.900000,0.001000,1000001,131.924640
154,0.900000,0.001000,1000001,178.433429
155,0.900000,0.001000,1000001,181.436021
156,0.900000,0.001000,1000001,178.855998
157,0.900000,0.001000,1000001,182.837967
158,0.900000,0.001000,1000001,180.363381
159,0.900000,0.001000,1000001,178.378482
160,0.900000,0.001000,1000001,179.422506
161,0.900000,0.001000,1000001,107.315688
162,0.900000,0.001000,1000001,105.843140
163,0.900000,0.001000,1000001,86.786814
164,0.900000,0.001000,1000001,85.139847
165,0.900000,0.001000,1000001,85.421085
166,0.900000,0.001000,1000001,82.787204
167,0.900000,0.001000,1000001,85.127737
168,0.900000,0.001000,1000001,87.550242
169,0.900000,0.001000,1000001,83.243037
170,0.900000,0.001000,1000001,85.666332
171,0.900000,0.001000,1000001,86.633169
172,0.900000,0.001000,1000001,82.636409
173,0.900000,0.001000,1000001,85.256107
174,0.900000,0.001000,1000001,85.460702
175,0.900000,0.001000,1000001,87.123979
176,0.900000,0.001000,1000001,104.295036
177,0.900000,0.001000,1000001,86.028770
178,0.900000,0.001000,1000001,108.067837
179,0.900000,0.001000,1000001,133.901753
180,0.900000,0.001000,1000001,181.832461
181,0.900000,0.001000,1000001,245.311975
182,0.900000,0.001000,1000001,242.069352
183,0.900000,0.001000,1000001,138.783799
184,0.900000,0.001000,1000001,182.449502
185,0.900000,0.001000,1000001,236.622999
186,0.900000,0.001000,1000001,235.069982
187,0.900000,0.001000,1000001,183.529533
188,0.900000,0.001000,1000001,109.267283
189,0.900000,0.001000,1000001,85.080187
190,0.900000,0.001000,1000001,104.887684
191,0.900000,0.001000,1000001,86.365745
192,0.900000,0.001000,1000001,85.550536
193,0.900000,0.001000,1000001,74.410213
194,0.900000,0.001000,1000001,75.632432
195,0.900000,0.001000,1000001,83.172581
196,0.900000,0.001000,1000001,81.552347
197,0.900000,0.001000,1000001,75.590758
198,0.900000,0.001000,1000001,80.468123
199,0.900000,0.001000,1000001,83.452430
200,0.900000,0.001000,1000001,83.162109
201,0.900000,0.001000,1000001,86.555064
202,0.900000,0.001000,1000001,114.000882
203,0.900000,0.001000,1000001,87.234234
204,0.900000,0.001000,1000001,202.108021
205,0.900000,0.001000,1000001,105.931694
206,0.900000,0.001000,1000001,137.950851
207,0.900000,0.001000,1000001,182.333868
208,0.900000,0.001000,1000001,222.263910
209,0.900000,0.001000,1000001,222.536997
210,0.900000,0.001000,1000001,221.773325
211,0.900000,0.001000,1000001,238.792658
212,0.900000,0.001000,1000001,235.880682
213,0.900000,0.001000,1000001,234.836251
214,0.900000,0.001000,1000001,225.490861
215,0.900000,0.001000,1000001,236.243058
216,0.900000,0.001000,1000001,231.466517
217,0.900000,0.001000,1000001,132.363629
218,0.900000,0.001000,1000001,224.509719
219,0.900000,0.001000,1000001,223.715552
220,0.900000,0.001000,1000001,134.045611
221,0.900000,0.001000,1000001,224.796117
222,0.900000,0.001000,1000001,230.165211
223,0.900000,0.001000,1000001,231.982455
224,0.900000,0.001000,1000001,232.280527
225,0.900000,0.001000,1000001,132.892131
226,0.900000,0.001000,1000001,223.844105
227,0.900000,0.001000,1000001,242.172590
228,0.900000,0.001000,1000001,236.858485
229,0.900000,0.001000,1000001,229.140830
230,0.900000,0.001000,1000001,236.243096
231,0.900000,0.001000,1000001,235.597773
232,0.900000,0.001000,1000001,237.273945
233,0.900000,0.001000,1000001,235.279681
234,0.900000,0.001000,1000001,242.490928
235,0.900000,0.001000,1000001,178.739875
236,0.900000,0.001000,1000001,138.740019
237,0.900000,0.001000,1000001,106.053145
238,0.900000,0.001000,1000001,108.976887
239,0.900000,0.001000,1000001,140.297670
240,0.900000,0.001000,1000001,131.713913
241,0.900000,0.001000,1000001,180.932909
242,0.900000,0.001000,1000001,133.092609
243,0.900000,0.001000,1000001,115.961041
244,0.900000,0.001000,1000001,207.675153
245,0.900000,0.001000,1000001,225.520002
246,0.900000,0.001000,1000001,215.844128
247,0.900000,0.001000,1000001,209.311485
248,0.900000,0.001000,1000001,211.452222
249,0.900000,0.001000,1000001,206.620033
250,0.900000,0.001000,1000001,228.615762
251,0.900000,0.001000,1000001,224.341435
252,0.900000,0.001000,1000001,222.456452
253,0.900000,0.001000,1000001,208.452703
254,0.900000,0.001000,1000001,222.913424
255,0.900000,0.001000,1000001,202.516223
256,0.900000,0.001000,1000001,220.985719
257,0.900000,0.001000,1000001,217.028401
258,0.900000,0.001000,1000001,213.798013
259,0.900000,0.001000,1000001,217.973555
260,0.900000,0.001000,1000001,237.248993
261,0.900000,0.001000,1000001,216.210751
262,0.900000,0.001000,1000001,235.917374
263,0.900000,0.001000,1000001,136.130780
264,0.900000,0.001000,1000001,162.908132
265,0.900000,0.001000,1000001,220.929318
266,0.900000,0.001000,1000001,237.237813
267,0.900000,0.001000,1000001,213.978043
268,0.900000,0.001000,1000001,215.866518
269,0.900000,0.001000,1000001,194.159625
270,0.900000,0.001000,1000001,197.485923
271,0.900000,0.001000,1000001,216.031400
272,0.900000,0.001000,1000001,196.110883
273,0.900000,0.001000,1000001,216.472062
274,0.900000,0.001000,1000001,213.540025
275,0.900000,0.001000,1000001,218.139646
276,0.900000,0.001000,1000001,235.762592
277,0.900000,0.001000,1000001,238.187543
278,0.900000,0.001000,1000001,215.187213
279,0.900000,0.001000,1000001,219.236483
280,0.900000,0.001000,1000001,131.981875
281,0.900000,0.001000,1000001,238.727549
282,0.900000,0.001000,1000001,214.228308
283,0.900000,0.001000,1000001,202.703669
284,0.900000,0.001000,1000001,218.852730
285,0.900000,0.001000,1000001,201.727562
286,0.900000,0.001000,1000001,222.519138
287,0.900000,0.001000,1000001,200.214531
288,0.900000,0.001000,1000001,220.994246
289,0.900000,0.001000,1000001,236.440516
290,0.900000,0.001000,1000001,237.004023
291,0.900000,0.001000,1000001,237.396746
292,0.900000,0.001000,1000001,243.470885
293,0.900000,0.001000,1000001,237.701446
294,0.900000,0.001000,1000001,133.183340
295,0.900000,0.001000,1000001,239.685014
296,0.900000,0.001000,1000001,216.165560
297,0.900000,0.001000,1000001,200.742768
298,0.900000,0.001000,1000001,213.884183
299,0.900000,0.001000,1000001,236.617543
300,0.900000,0.001000,1000001,230.281679
301,0.900000,0.001000,1000001,136.991066
302,0.900000,0.001000,1000001,135.831524
303,