step        alpha       action      reward        Q[s+0]      Q[s+1]      Q[s+2]
0      12.000000     2     0.000000     246.571096     246.549366     246.729465
1000      14.000000     2     0.006712     246.596333     246.596623     246.602279
2000      16.000000     2     0.011738     246.598848     246.599060     246.601898
3000      18.000000     2     0.015556     246.595965     246.596765     246.602028
4000      19.000000     2     0.018574     246.627446     246.627805     246.627861
5000      20.000000     0     0.020857     246.662201     246.622353     0.000000
6000      19.000000     2     0.022842     246.627446     246.627805     246.627861
7000      20.000000     0     0.024384     246.662201     246.622353     0.000000
8000      19.000000     2     0.025792     246.627446     246.627805     246.627862
9000      20.000000     0     0.026880     246.662200     246.622353     0.000000
10000      19.000000     2     0.027931     246.627446     246.627805     246.627863
11000      20.000000     0     0.028751     246.662200     246.622353     0.000000
12000      19.000000     2     0.029572     246.627446     246.627805     246.627863
13000      20.000000     0     0.030217     246.662200     246.622353     0.000000
14000      19.000000     2     0.030863     246.627446     246.627805     246.627864
15000      20.000000     0     0.031384     246.662200     246.622353     0.000000
16000      19.000000     2     0.031919     246.627446     246.627805     246.627864
17000      20.000000     0     0.032335     246.662200     246.622353     0.000000
18000      19.000000     2     0.032778     246.627446     246.627805     246.627865
19000      20.000000     0     0.033129     246.662200     246.622353     0.000000
20000      19.000000     2     0.033496     246.627446     246.627805     246.627866
21000      20.000000     0     0.033792     246.662200     246.622353     0.000000
22000      19.000000     2     0.034101     246.627446     246.627805     246.627866
23000      20.000000     0     0.034349     246.662200     246.622353     0.000000
24000      19.000000     2     0.034613     246.627446     246.627805     246.627867
25000      20.000000     0     0.034820     246.662200     246.622353     0.000000
26000      19.000000     2     0.035041     246.627446     246.627805     246.627868
27000      20.000000     0     0.035215     246.662200     246.622353     0.000000
28000      19.000000     2     0.035404     246.627446     246.627805     246.627869
29000      20.000000     0     0.035548     246.662200     246.622353     0.000000
30000      19.000000     2     0.035704     246.627446     246.627805     246.627869
31000      20.000000     0     0.035825     246.662200     246.622353     0.000000
32000      19.000000     2     0.035954     246.627446     246.627805     246.627870
33000      20.000000     0     0.036051     246.662200     246.622353     0.000000
34000      19.000000     2     0.036155     246.627446     246.627805     246.627871
35000      20.000000     0     0.036232     246.662200     246.622353     0.000000
36000      19.000000     2     0.036313     246.627446     246.627805     246.627871
37000      20.000000     0     0.036370     246.662200     246.622353     0.000000
38000      19.000000     1     0.036432     246.627446     246.627805     246.627872
39000      19.000000     2     0.036482     246.627446     246.627805     246.627872
40000      20.000000     0     0.036444     246.662200     246.622353     0.000000
41000      19.000000     2     0.036433     246.627446     246.627805     246.627873
42000      20.000000     0     0.036339     246.662200     246.622353     0.000000
43000      19.000000     2     0.036267     246.627446     246.627805     246.627873
44000      20.000000     0     0.036127     246.662200     246.622353     0.000000
45000      19.000000     2     0.036005     246.627446     246.627805     246.627874
46000      20.000000     0     0.035827     246.662200     246.622353     0.000000
47000      19.000000     2     0.035663     246.627446     246.627805     246.627875
48000      20.000000     0     0.035452     246.662200     246.622353     0.000000
49000      19.000000     2     0.035254     246.627446     246.627805     246.627876
50000      20.000000     0     0.035016     246.662200     246.622353     0.000000
51000      19.000000     1     0.034788     246.627446     246.627805     246.627876
52000      19.000000     2     0.034548     246.627446     246.627805     246.627876
53000      20.000000     0     0.034278     246.662200     246.622353     0.000000
54000      19.000000     2     0.034014     246.627446     246.627805     246.627877
55000      20.000000     0     0.033727     246.662200     246.622353     0.000000
56000      19.000000     2     0.033444     246.627446     246.627805     246.627878
57000      20.000000     0     0.033141     246.662200     246.622353     0.000000
58000      19.000000     2     0.032842     246.627446     246.627805     246.627878
59000      20.000000     0     0.032527     246.662200     246.622353     0.000000
60000      19.000000     2     0.032215     246.627446     246.627805     246.627879
61000      20.000000     0     0.031889     246.662200     246.622353     0.000000
62000      19.000000     2     0.031565     246.627446     246.627805     246.627880
63000      20.000000     0     0.031230     246.662200     246.622353     0.000000
64000      19.000000     2     0.030896     246.627446     246.627805     246.627880
65000      20.000000     0     0.030554     246.662200     246.622353     0.000000
66000      19.000000     2     0.030212     246.627446     246.627805     246.627881
67000      20.000000     0     0.029864     246.662200     246.622353     0.000000
68000      19.000000     2     0.029516     246.627446     246.627805     246.627882
69000      20.000000     0     0.029163     246.662200     246.622353     0.000000
70000      19.000000     2     0.028810     246.627446     246.627805     246.627882
71000      20.000000     0     0.028453     246.662200     246.622353     0.000000
72000      19.000000     0     0.028096     246.627446     246.627805     246.627883
73000      18.000000     2     0.027738     246.595965     246.596765     246.602028
74000      19.000000     2     0.027378     246.627446     246.627805     246.627883
75000      20.000000     0     0.027016     246.662200     246.622353     0.000000
76000      19.000000     2     0.026653     246.627446     246.627805     246.627883
77000      20.000000     0     0.026289     246.662200     246.622353     0.000000
78000      19.000000     2     0.025924     246.627446     246.627805     246.627884
79000      20.000000     0     0.025558     246.662200     246.622353     0.000000
80000      19.000000     2     0.025190     246.627446     246.627805     246.627885
81000      20.000000     0     0.024821     246.662200     246.622353     0.000000
82000      19.000000     2     0.024451     246.627446     246.627805     246.627885
83000      20.000000     0     0.024080     246.662200     246.622353     0.000000
84000      19.000000     2     0.023706     246.627446     246.627805     246.627886
85000      20.000000     0     0.023332     246.662200     246.622353     0.000000
86000      19.000000     2     0.022954     246.627446     246.627805     246.627886
87000      20.000000     0     0.022578     246.662200     246.622353     0.000000
88000      19.000000     2     0.022196     246.627446     246.627805     246.627887
89000      20.000000     0     0.021816     246.662199     246.622353     0.000000
90000      19.000000     2     0.021430     246.627446     246.627805     246.627888
91000      20.000000     0     0.021048     246.662199     246.622353     0.000000
92000      19.000000     2     0.020658     246.627446     246.627805     246.627888
93000      20.000000     0     0.020272     246.662199     246.622353     0.000000
94000      19.000000     2     0.019878     246.627446     246.627805     246.627889
95000      20.000000     0     0.019489     246.662199     246.622353     0.000000
96000      19.000000     2     0.019092     246.627446     246.627805     246.627889
97000      20.000000     1     0.018700     246.662199     246.622353     0.000000
98000      20.000000     0     0.018307     246.662199     246.622354     0.000000
99000      19.000000     2     0.017904     246.627446     246.627805     246.627889
100000      20.000000     0     0.017509     246.662199     246.622354     0.000000
101000      19.000000     2     0.017104     246.627446     246.627805     246.627890
102000      20.000000     0     0.016706     246.662199     246.622354     0.000000
103000      19.000000     2     0.016299     246.627446     246.627805     246.627890
104000      20.000000     0     0.015900     246.662198     246.622354     0.000000
105000      19.000000     2     0.015491     246.627446     246.627805     246.627891
106000      20.000000     0     0.015091     246.662198     246.622354     0.000000
107000      19.000000     2     0.014680     246.627446     246.627805     246.627891
108000      20.000000     0     0.014280     246.662198     246.622354     0.000000
109000      19.000000     2     0.013869     246.627446     246.627805     246.627892
110000      20.000000     0     0.013469     246.662198     246.622354     0.000000
111000      19.000000     2     0.013058     246.627446     246.627805     246.627892
112000      20.000000     1     0.012658     246.662198     246.622354     0.000000
113000      20.000000     0     0.012259     246.662198     246.622354     0.000000
114000      19.000000     2     0.011848     246.627446     246.627805     246.627892
115000      20.000000     0     0.011450     246.662197     246.622354     0.000000
116000      19.000000     2     0.011041     246.627446     246.627805     246.627893
117000      20.000000     0     0.010645     246.662197     246.622354     0.000000
118000      19.000000     2     0.010238     246.627446     246.627805     246.627893
119000      20.000000     0     0.009844     246.662197     246.622354     0.000000
120000      19.000000     2     0.009440     246.627446     246.627805     246.627894
121000      20.000000     0     0.009048     246.662197     246.622354     0.000000
122000      19.000000     2     0.008648     246.627446     246.627805     246.627894
123000      20.000000     0     0.008260     246.662196     246.622354     0.000000
124000      19.000000     2     0.007863     246.627446     246.627805     246.627895
125000      20.000000     0     0.007478     246.662196     246.622354     0.000000
126000      19.000000     2     0.007086     246.627446     246.627805     246.627895
127000      20.000000     0     0.006706     246.662196     246.622354     0.000000
128000      19.000000     2     0.006319     246.627446     246.627805     246.627896
129000      20.000000     0     0.005944     246.662196     246.622354     0.000000
130000      19.000000     2     0.005562     246.627446     246.627805     246.627896
131000      20.000000     0     0.005192     246.662195     246.622354     0.000000
132000      19.000000     2     0.004817     246.627446     246.627805     246.627896
133000      20.000000     0     0.004454     246.662195     246.622354     0.000000
134000      19.000000     2     0.004086     246.627446     246.627805     246.627897
135000      20.000000     0     0.003729     246.662195     246.622354     0.000000
136000      19.000000     2     0.003369     246.627446     246.627805     246.627897
137000      20.000000     0     0.003019     246.662194     246.622354     0.000000
138000      19.000000     2     0.002669     246.627446     246.627805     246.627897
139000      20.000000     0     0.002328     246.662194     246.622354     0.000000
140000      19.000000     2     0.001987     246.627446     246.627805     246.627898
141000      20.000000     0     0.001655     246.662194     246.622354     0.000000
142000      19.000000     2     0.001326     246.627446     246.627805     246.627898
143000      20.000000     0     0.001005     246.662193     246.622354     0.000000
144000      19.000000     2     0.000689     246.627446     246.627805     246.627899
145000      20.000000     0     0.000379     246.662193     246.622354     0.000000
146000      19.000000     2     0.000078     246.627446     246.627805     246.627899
147000      20.000000     0     0.000000     246.662193     246.622354     0.000000
148000      19.000000     1     0.000000     246.627446     246.627805     246.627899
149000      19.000000     2     0.000000     246.627446     246.627805     246.627899
150000      20.000000     0     0.000000     246.662192     246.622354     0.000000
151000      19.000000     0     0.000000     246.627446     246.627805     246.627900
152000      18.000000     2     0.000000     246.595965     246.596765     246.602028
153000      19.000000     2     0.000000     246.627446     246.627805     246.627900
154000      20.000000     0     0.000000     246.662192     246.622354     0.000000
155000      19.000000     2     0.000000     246.627446     246.627805     246.627900
156000      20.000000     0     0.000000     246.662192     246.622354     0.000000
157000      19.000000     2     0.000000     246.627446     246.627805     246.627900
158000      20.000000     0     0.000000     246.662191     246.622354     0.000000
159000      19.000000     2     0.000000     246.627446     246.627805     246.627901
160000      20.000000     0     0.000000     246.662191     246.622354     0.000000
161000      19.000000     2     0.000000     246.627446     246.627805     246.627901
162000      20.000000     0     0.000000     246.662191     246.622354     0.000000
163000      19.000000     2     0.000000     246.627446     246.627805     246.627901
164000      20.000000     0     0.000000     246.662190     246.622354     0.000000
165000      19.000000     2     0.000000     246.627446     246.627805     246.627902
166000      20.000000     0     0.000000     246.662190     246.622354     0.000000
167000      19.000000     2     0.000001     246.627446     246.627805     246.627902
168000      20.000000     0     0.000000     246.662190     246.622354     0.000000
169000      19.000000     2     0.000038     246.627446     246.627805     246.627902
170000      20.000000     0     0.000054     246.662189     246.622354     0.000000
171000      19.000000     2     0.000155     246.627446     246.627805     246.627903
172000      20.000000     0     0.000230     246.662189     246.622354     0.000000
173000      19.000000     2     0.000402     246.627446     246.627805     246.627903
174000      20.000000     0     0.000544     246.662189     246.622354     0.000000
175000      19.000000     2     0.000799     246.627446     246.627805     246.627903
176000      20.000000     0     0.001016     246.662188     246.622354     0.000000
177000      19.000000     2     0.001363     246.627446     246.627805     246.627904
178000      20.000000     0     0.001665     246.662188     246.622354     0.000000
179000      19.000000     2     0.002116     246.627446     246.627805     246.627904
180000      20.000000     0     0.002511     246.662188     246.622354     0.000000
181000      19.000000     2     0.003077     246.627446     246.627805     246.627904
182000      20.000000     0     0.003573     246.662187     246.622354     0.000000
183000      19.000000     2     0.004262     246.627446     246.627805     246.627905
184000      20.000000     0     0.004868     246.662187     246.622354     0.000000
185000      19.000000     2     0.005688     246.627446     246.627805     246.627905
186000      20.000000     0     0.006407     246.662187     246.622354     0.000000
187000      19.000000     2     0.007362     246.627446     246.627805     246.627906
188000      20.000000     0     0.008196     246.662186     246.622354     0.000000
189000      19.000000     2     0.009286     246.627446     246.627805     246.627906
190000      20.000000     0     0.010234     246.662186     246.622354     0.000000
191000      19.000000     2     0.011454     246.627446     246.627805     246.627906
192000      20.000000     0     0.012509     246.662186     246.622354     0.000000
193000      19.000000     2     0.013850     246.627446     246.627805     246.627907
194000      20.000000     0     0.015001     246.662186     246.622354     0.000000
195000      19.000000     2     0.016446     246.627446     246.627805     246.627907
196000      20.000000     0     0.017678     246.662186     246.622354     0.000000
197000      19.000000     2     0.019208     246.627446     246.627805     246.627908
198000      20.000000     0     0.020501     246.662185     246.622354     0.000000
199000      19.000000     2     0.022092     246.627446     246.627805     246.627908
200000      20.000000     0     0.023425     246.662185     246.622354     0.000000
201000      19.000000     2     0.025051     246.627446     246.627805     246.627909
202000      20.000000     0     0.026401     246.662185     246.622354     0.000000
203000      19.000000     2     0.028035     246.627446     246.627805     246.627910
204000      20.000000     0     0.029379     246.662185     246.622354     0.000000
205000      19.000000     0     0.030996     246.627446     246.627805     246.627910
206000      18.000000     2     0.032768     246.595965     246.596765     246.602029
207000      19.000000     2     0.034383     246.627446     246.627805     246.627910
208000      20.000000     0     0.035683     246.662185     246.622354     0.000000
209000      19.000000     2     0.037228     246.627446     246.627805     246.627911
210000      20.000000     0     0.038461     246.662185     246.622354     0.000000
211000      19.000000     2     0.039921     246.627446     246.627805     246.627912
212000      20.000000     0     0.041076     246.662185     246.622354     0.000000
213000      19.000000     2     0.042441     246.627446     246.627805     246.627912
214000      20.000000     0     0.043511     246.662185     246.622354     0.000000
215000      19.000000     2     0.044775     246.627446     246.627805     246.627913
216000      20.000000     1     0.045757     246.662185     246.622354     0.000000
217000      20.000000     0     0.046685     246.662185     246.622355     0.000000
218000      19.000000     2     0.047785     246.627446     246.627805     246.627914
219000      20.000000     0     0.048628     246.662185     246.622355     0.000000
220000      19.000000     2     0.049628     246.627446     246.627805     246.627914
221000      20.000000     0     0.050389     246.662186     246.622355     0.000000
222000      19.000000     2     0.051295     246.627446     246.627805     246.627915
223000      20.000000     0     0.051977     246.662186     246.622355     0.000000
224000      19.000000     2     0.052794     246.627446     246.627805     246.627916
225000      20.000000     0     0.053402     246.662186     246.622355     0.000000
226000      19.000000     2     0.054136     246.627446     246.627805     246.627917
227000      20.000000     0     0.054676     246.662186     246.622355     0.000000
228000      19.000000     2     0.055334     246.627446     246.627805     246.627918
229000      20.000000     0     0.055812     246.662186     246.622355     0.000000
230000      19.000000     2     0.056401     246.627446     246.627805     246.627919
231000      20.000000     0     0.056823     246.662186     246.622355     0.000000
232000      19.000000     2     0.057349     246.627446     246.627805     246.627920
233000      20.000000     0     0.057721     246.662187     246.622355     0.000000
234000      19.000000     2     0.058190     246.627446     246.627805     246.627921
235000      20.000000     0     0.058517     246.662187     246.622355     0.000000
236000      19.000000     2     0.058937     246.627446     246.627805     246.627921
237000      20.000000     0     0.059225     246.662187     246.622355     0.000000
238000      19.000000     2     0.059601     246.627446     246.627805     246.627922
239000      20.000000     0     0.059854     246.662187     246.622355     0.000000
240000      19.000000     2     0.060192     246.627446     246.627805     246.627923
241000      20.000000     0     0.060415     246.662188     246.622355     0.000000
242000      19.000000     2     0.060721     246.627446     246.627805     246.627924
243000      20.000000     0     0.060918     246.662188     246.622355     0.000000
244000      19.000000     2     0.061196     246.627446     246.627805     246.627925
245000      20.000000     0     0.061373     246.662188     246.622355     0.000000
246000      19.000000     2     0.061628     246.627446     246.627805     246.627926
247000      20.000000     0     0.061787     246.662188     246.622355     0.000000
248000      19.000000     2     0.062024     246.627446     246.627805     246.627927
249000      20.000000     0     0.062170     246.662189     246.622355     0.000000
250000      19.000000     2     0.062393     246.627446     246.627805     246.627928
251000      20.000000     0     0.062529     246.662189     246.622355     0.000000
252000      19.000000     2     0.062743     246.627446     246.627805     246.627929
253000      20.000000     0     0.062873     246.662189     246.622355     0.000000
254000      19.000000     2     0.063081     246.627446     246.627805     246.627930
255000      20.000000     0     0.063210     246.662190     246.622355     0.000000
256000      19.000000     2     0.063417     246.627446     246.627805     246.627931
257000      20.000000     0     0.063546     246.662190     246.622355     0.000000
258000      19.000000     2     0.063756     246.627446     246.627805     246.627932
259000      20.000000     0     0.063891     246.662190     246.622355     0.000000
260000      19.000000     2     0.064108     246.627446     246.627805     246.627933
261000      20.000000     0     0.064252     246.662190     246.622355     0.000000
262000      19.000000     1     0.064482     246.627446     246.627805     246.627934
263000      19.000000     2     0.064725     246.627446     246.627806     246.627934
264000      20.000000     0     0.064894     246.662191     246.622355     0.000000
265000      19.000000     2     0.065156     246.627446     246.627806     246.627935
266000      20.000000     0     0.065345     246.662191     246.622355     0.000000
267000      19.000000     2     0.065632     246.627446     246.627806     246.627936
268000      20.000000     0     0.065844     246.662191     246.622355     0.000000
269000      19.000000     2     0.066162     246.627446     246.627806     246.627937
270000      20.000000     0     0.066403     246.662192     246.622355     0.000000
271000      19.000000     2     0.066757     246.627446     246.627806     246.627938
272000      20.000000     0     0.067034     246.662192     246.622355     0.000000
273000      19.000000     2     0.067431     246.627446     246.627806     246.627939
274000      20.000000     0     0.067749     246.662192     246.622355     0.000000
275000      19.000000     2     0.068197     246.627446     246.627806     246.627940
276000      20.000000     0     0.068562     246.662193     246.622355     0.000000
277000      19.000000     2     0.069069     246.627446     246.627806     246.627941
278000      20.000000     0     0.069489     246.662193     246.622355     0.000000
279000      19.000000     2     0.070064     246.627446     246.627806     246.627942
280000      20.000000     0     0.070547     246.662193     246.622355     0.000000
281000      19.000000     2     0.071199     246.627446     246.627806     246.627943
282000      20.000000     0     0.071753     246.662194     246.622355     0.000000
283000      19.000000     2     0.072493     246.627446     246.627806     246.627944
284000      20.000000     0     0.073128     246.662194     246.622355     0.000000
285000      19.000000     2     0.073966     246.627446     246.627806     246.627945
286000      20.000000     0     0.074691     246.662195     246.622355     0.000000
287000      19.000000     2     0.075640     246.627446     246.627806     246.627946
288000      20.000000     0     0.076464     246.662195     246.622355     0.000000
289000      19.000000     2     0.077534     246.627446     246.627806     246.627947
290000      20.000000     0     0.078469     246.662195     246.622355     0.000000
291000      19.000000     2     0.079673     246.627446     246.627806     246.627948
292000      20.000000     0     0.080727     246.662196     246.622355     0.000000
293000      19.000000     2     0.082076     246.627446     246.627806     246.627950
294000      20.000000     0     0.083260     246.662196     246.622355     0.000000
295000      19.000000     1     0.084764     246.627446     246.627806     246.627951
296000      19.000000     2     0.086378     246.627446     246.627807     246.627951
297000      20.000000     0     0.087794     246.662197     246.622355     0.000000
298000      19.000000     2     0.089574     246.627446     246.627807     246.627952
299000      20.000000     0     0.091136     246.662197     246.622355     0.000000
300000      19.000000     2     0.093089     246.627446     246.627807     246.627953
301000      20.000000     0     0.094800     246.662198     246.622355     0.000000
302000      19.000000     2     0.096929     246.627446     246.627807     246.627955
303000      20.000000     0     0.098790     246.662198     246.622355     0.000000
304000      19.000000     2     0.101074     246.627446     246.627807     246.627956
305000      20.000000     0     0.103085     246.662199     246.622355     0.000000
306000      19.000000     2     0.105479     246.627446     246.627807     246.627957
307000      20.000000     0     0.107636     246.662200     246.622355     0.000000
308000      19.000000     2     0.110136     246.627446     246.627807     246.627959
309000      20.000000     0     0.112384     246.662201     246.622355     0.000000
310000      19.000000     2     0.114984     246.627446     246.627807     246.627960
311000      20.000000     0     0.117317     246.662201     246.622355     0.000000
312000      19.000000     2     0.120015     246.627446     246.627807     246.627962
313000      20.000000     0     0.122430     246.662202     246.622355     0.000000
314000      19.000000     2     0.125222     246.627446     246.627807     246.627963
315000      20.000000     0     0.127718     246.662203     246.622355     0.000000
316000      19.000000     2     0.130604     246.627446     246.627807     246.627965
317000      20.000000     0     0.133181     246.662204     246.622355     0.000000
318000      19.000000     2     0.136163     246.627446     246.627807     246.627966
319000      20.000000     0     0.138824     246.662205     246.622355     0.000000
320000      19.000000     2     0.141905     246.627446     246.627807     246.627968
321000      20.000000     0     0.144655     246.662206     246.622355     0.000000
322000      19.000000     2     0.147844     246.627446     246.627807     246.627970
323000      20.000000     0     0.150690     246.662207     246.622355     0.000000
324000      19.000000     2     0.153997     246.627446     246.627807     246.627972
325000      20.000000     0     0.156951     246.662208     246.622355     0.000000
326000      19.000000     2     0.160389     246.627446     246.627807     246.627973
327000      20.000000     0     0.163465     246.662209     246.622355     0.000000
328000      19.000000     2     0.167053     246.627446     246.627807     246.627975
329000      20.000000     0     0.170266     246.662211     246.622355     0.000000
330000      19.000000     2     0.174026     246.627446     246.627807     246.627977
331000      20.000000     0     0.177398     246.662212     246.622355     0.000000
332000      19.000000     2     0.181354     246.627446     246.627807     246.627980
333000      20.000000     0     0.184908     246.662214     246.622355     0.000000
334000      19.000000     2     0.189090     246.627446     246.627807     246.627982
335000      20.000000     0     0.192852     246.662215     246.622355     0.000000
336000      19.000000     2     0.197292     246.627446     246.627807     246.627984
337000      20.000000     0     0.201291     246.662217     246.622355     0.000000
338000      19.000000     2     0.206024     246.627446     246.627807     246.627986
339000      20.000000     0     0.210290     246.662218     246.622355     0.000000
340000      19.000000     2     0.215353     246.627446     246.627807     246.627989
341000      20.000000     1     0.219917     246.662220     246.622355     0.000000
342000      20.000000     0     0.224545     246.662220     246.622358     0.000000
343000      19.000000     2     0.230064     246.627446     246.627807     246.627991
344000      20.000000     0     0.235050     246.662222     246.622358     0.000000
345000      19.000000     2     0.241003     246.627446     246.627807     246.627993
346000      20.000000     0     0.246373     246.662224     246.622358     0.000000
347000      19.000000     2     0.252784     246.627446     246.627807     246.627996
348000      20.000000     0     0.258553     246.662226     246.622358     0.000000
349000      19.000000     2     0.265435     246.627446     246.627807     246.627999
350000      20.000000     0     0.271606     246.662228     246.622358     0.000000
351000      19.000000     2     0.278951     246.627446     246.627807     246.628002
352000      20.000000     0     0.285507     246.662231     246.622358     0.000000
353000      19.000000     2     0.293285     246.627446     246.627807     246.628005
354000      20.000000     0     0.300189     246.662233     246.622358     0.000000
355000      19.000000     2     0.308344     246.627446     246.627807     246.628008
356000      20.000000     0     0.315537     246.662236     246.622358     0.000000
357000      19.000000     2     0.323985     246.627446     246.627807     246.628012
358000      20.000000     0     0.331382     246.662239     246.622358     0.000000
359000      19.000000     2     0.340013     246.627446     246.627807     246.628015
360000      20.000000     0     0.347511     246.662242     246.622358     0.000000
361000      19.000000     2     0.356194     246.627446     246.627807     246.628019
362000      20.000000     0     0.363673     246.662245     246.622358     0.000000
363000      19.000000     2     0.372262     246.627446     246.627807     246.628023
364000      20.000000     0     0.379593     246.662248     246.622358     0.000000
365000      19.000000     2     0.387934     246.627446     246.627807     246.628027
366000      20.000000     0     0.394986     246.662252     246.622358     0.000000
367000      19.000000     2     0.402930     246.627446     246.627807     246.628031
368000      20.000000     0     0.409580     246.662255     246.622358     0.000000
369000      19.000000     2     0.416990     246.627446     246.627807     246.628036
370000      20.000000     0     0.423130     246.662259     246.622358     0.000000
371000      19.000000     2     0.429890     246.627446     246.627807     246.628040
372000      20.000000     0     0.435432     246.662263     246.622358     0.000000
373000      19.000000     1     0.441457     246.627446     246.627807     246.628045
374000      19.000000     2     0.447237     246.627446     246.627811     246.628045
375000      20.000000     0     0.451873     246.662267     246.622358     0.000000
376000      19.000000     2     0.456791     246.627446     246.627811     246.628050
377000      20.000000     0     0.460693     246.662271     246.622358     0.000000
378000      19.000000     2     0.464766     246.627446     246.627811     246.628055
379000      20.000000     0     0.467962     246.662275     246.622358     0.000000
380000      19.000000     2     0.471236     246.627446     246.627811     246.628060
381000      20.000000     0     0.473775     246.662280     246.622358     0.000000
382000      19.000000     2     0.476320     246.627446     246.627811     246.628065
383000      20.000000     0     0.478269     246.662284     246.622358     0.000000
384000      19.000000     2     0.480169     246.627446     246.627811     246.628070
385000      20.000000     0     0.481606     246.662288     246.622358     0.000000
386000      19.000000     2     0.482957     246.627446     246.627811     246.628075
387000      20.000000     0     0.483965     246.662293     246.622358     0.000000
388000      19.000000     2     0.484864     246.627446     246.627811     246.628080
389000      20.000000     0     0.485526     246.662297     246.622358     0.000000
390000      19.000000     2     0.486066     246.627446     246.627811     246.628085
391000      20.000000     0     0.486460     246.662302     246.622358     0.000000
392000      19.000000     2     0.486729     246.627446     246.627811     246.628090
393000      20.000000     0     0.486925     246.662306     246.622358     0.000000
394000      19.000000     2     0.486998     246.627446     246.627811     246.628096
395000      20.000000     0     0.487056     246.662311     246.622358     0.000000
396000      19.000000     2     0.486999     246.627446     246.627811     246.628101
397000      20.000000     0     0.486969     246.662315     246.622358     0.000000
398000      19.000000     2     0.486833     246.627446     246.627811     246.628106
399000      20.000000     0     0.486755     246.662320     246.622358     0.000000
400000      19.000000     2     0.486581     246.627446     246.627811     246.628111
401000      20.000000     0     0.486485     246.662325     246.622358     0.000000
402000      19.000000     2     0.486305     246.627446     246.627811     246.628116
403000      20.000000     0     0.486213     246.662329     246.622358     0.000000
404000      19.000000     2     0.486047     246.627446     246.627811     246.628122
405000      20.000000     0     0.485975     246.662334     246.622358     0.000000
406000      19.000000     2     0.485838     246.627446     246.627811     246.628127
407000      20.000000     0     0.485795     246.662338     246.622358     0.000000
408000      19.000000     2     0.485696     246.627446     246.627811     246.628132
409000      20.000000     0     0.485688     246.662343     246.622358     0.000000
410000      19.000000     2     0.485632     246.627446     246.627811     246.628137
411000      20.000000     0     0.485661     246.662347     246.622358     0.000000
412000      19.000000     2     0.485648     246.627446     246.627811     246.628142
413000      20.000000     0     0.485714     246.662352     246.622358     0.000000
414000      19.000000     2     0.485744     246.627446     246.627811     246.628148
415000      20.000000     0     0.485845     246.662356     246.622358     0.000000
416000      19.000000     2     0.485915     246.627446     246.627811     246.628153
417000      20.000000     0     0.486050     246.662361     246.622358     0.000000
418000      19.000000     2     0.486157     246.627446     246.627811     246.628158
419000      20.000000     0     0.486292     246.662365     246.622358     0.000000
420000      19.000000     2     0.486433     246.627446     246.627811     246.628163
421000      20.000000     0     0.486474     246.662370     246.622358     0.000000
422000      19.000000     2     0.486542     246.627446     246.627811     246.628168
423000      20.000000     0     0.486506     246.662374     246.622358     0.000000
424000      19.000000     2     0.486494     246.627446     246.627811     246.628174
425000      20.000000     0     0.486397     246.662379     246.622358     0.000000
426000      19.000000     2     0.486320     246.627446     246.627811     246.628179
427000      20.000000     0     0.486173     246.662383     246.622358     0.000000
428000      19.000000     2     0.486043     246.627446     246.627811     246.628184
429000      20.000000     0     0.485856     246.662388     246.622358     0.000000
430000      19.000000     2     0.485684     246.627446     246.627811     246.628189
431000      20.000000     0     0.485464     246.662392     246.622358     0.000000
432000      19.000000     2     0.485258     246.627446     246.627811     246.628195
433000      20.000000     0     0.485013     246.662397     246.622358     0.000000
434000      19.000000     2     0.484780     246.627446     246.627811     246.628200
435000      20.000000     0     0.484514     246.662401     246.622358     0.000000
436000      19.000000     2     0.484258     246.627446     246.627811     246.628205
437000      20.000000     0     0.483976     246.662406     246.622358     0.000000
438000      19.000000     2     0.483702     246.627446     246.627811     246.628210
439000      20.000000     0     0.483407     246.662410     246.622358     0.000000
440000      19.000000     2     0.483119     246.627446     246.627811     246.628215
441000      20.000000     0     0.482813     246.662415     246.622358     0.000000
442000      19.000000     2     0.482515     246.627446     246.627811     246.628220
443000      20.000000     0     0.482200     246.662419     246.622358     0.000000
444000      19.000000     1     0.481893     246.627446     246.627811     246.628226
445000      19.000000     2     0.481583     246.627446     246.627816     246.628226
446000      20.000000     0     0.481260     246.662424     246.622358     0.000000
447000      19.000000     2     0.480945     246.627446     246.627816     246.628231
448000      20.000000     0     0.480619     246.662428     246.622358     0.000000
449000      19.000000     2     0.480300     246.627446     246.627816     246.628236
450000      20.000000     0     0.479972     246.662433     246.622358     0.000000
451000      19.000000     2     0.479652     246.627446     246.627816     246.628241
452000      20.000000     1     0.479324     246.662437     246.622358     0.000000
453000      20.000000     0     0.478996     246.662437     246.622363     0.000000
454000      19.000000     2     0.478678     246.627446     246.627816     246.628246
455000      20.000000     0     0.478352     246.662442     246.622363     0.000000
456000      19.000000     2     0.478037     246.627446     246.627816     246.628251
457000      20.000000     0     0.477715     246.662446     246.622363     0.000000
458000      19.000000     2     0.477406     246.627446     246.627816     246.628256
459000      20.000000     0     0.477090     246.662451     246.622363     0.000000
460000      19.000000     2     0.476789     246.627446     246.627816     246.628261
461000      20.000000     0     0.476482     246.662455     246.622363     0.000000
462000      19.000000     2     0.476191     246.627446     246.627816     246.628266
463000      20.000000     0     0.475895     246.662459     246.622363     0.000000
464000      19.000000     2     0.475619     246.627446     246.627816     246.628271
465000      20.000000     0     0.475338     246.662464     246.622363     0.000000
466000      19.000000     2     0.475080     246.627446     246.627816     246.628276
467000      20.000000     0     0.474817     246.662468     246.622363     0.000000
468000      19.000000     2     0.474584     246.627446     246.627816     246.628282
469000      20.000000     0     0.474345     246.662473     246.622363     0.000000
470000      19.000000     2     0.474142     246.627446     246.627816     246.628287
471000      20.000000     0     0.473933     246.662477     246.622363     0.000000
472000      19.000000     2     0.473769     246.627446     246.627816     246.628292
473000      20.000000     0     0.473598     246.662481     246.622363     0.000000
474000      19.000000     2     0.473412     246.627446     246.627816     246.628297
475000      20.000000     0     0.473223     246.662486     246.622363     0.000000
476000      19.000000     2     0.472858     246.627446     246.627816     246.628302
477000      20.000000     0     0.472487     246.662490     246.622363     0.000000
478000      19.000000     2     0.471878     246.627446     246.627816     246.628307
479000      20.000000     0     0.471260     246.662495     246.622363     0.000000
480000      19.000000     2     0.470317     246.627446     246.627816     246.628312
481000      20.000000     0     0.469362     246.662499     246.622363     0.000000
482000      19.000000     2     0.467965     246.627446     246.627816     246.628317
483000      20.000000     0     0.466553     246.662503     246.622363     0.000000
484000      19.000000     2     0.464540     246.627446     246.627816     246.628322
485000      20.000000     0     0.462511     246.662508     246.622363     0.000000
486000      19.000000     2     0.459670     246.627446     246.627816     246.628327
487000      20.000000     0     0.456821     246.662512     246.622363     0.000000
488000      19.000000     2     0.452884     246.627446     246.627816     246.628332
489000      20.000000     0     0.448965     246.662516     246.622363     0.000000
490000      19.000000     0     0.443616     246.627446     246.627816     246.628337
491000      18.000000     2     0.436699     246.595965     246.596765     246.602029
492000      19.000000     2     0.429102     246.627450     246.627816     246.628337
493000      20.000000     0     0.421757     246.662520     246.622363     0.000000
494000      19.000000     2     0.412078     246.627450     246.627816     246.628342
495000      20.000000     0     0.402870     246.662524     246.622363     0.000000
496000      19.000000     2     0.390948     246.627450     246.627816     246.628346
497000      20.000000     0     0.379828     246.662528     246.622363     0.000000
498000      19.000000     2     0.365728     246.627450     246.627816     246.628350
499000      20.000000     0     0.352880     246.662531     246.622363     0.000000
500000      19.000000     2     0.336970     246.627450     246.627816     246.628354
501000      20.000000     0     0.322845     246.662534     246.622363     0.000000
502000      19.000000     2     0.305790     246.627450     246.627816     246.628358
503000      20.000000     0     0.291057     246.662537     246.622363     0.000000
504000      19.000000     2     0.273719     246.627450     246.627816     246.628361
505000      20.000000     0     0.259144     246.662540     246.622363     0.000000
506000      19.000000     2     0.242403     246.627450     246.627816     246.628364
507000      20.000000     0     0.228686     246.662542     246.622363     0.000000
508000      19.000000     2     0.213269     246.627450     246.627816     246.628367
509000      20.000000     0     0.200922     246.662544     246.622363     0.000000
510000      19.000000     2     0.187295     246.627450     246.627816     246.628370
511000      20.000000     0     0.176597     246.662546     246.622363     0.000000
512000      19.000000     2     0.164957     246.627450     246.627816     246.628372
513000      20.000000     0     0.155972     246.662547     246.622363     0.000000
514000      19.000000     2     0.146302     246.627450     246.627816     246.628374
515000      20.000000     0     0.138946     246.662548     246.622363     0.000000
516000      19.000000     2     0.131088     246.627450     246.627816     246.628376
517000      20.000000     0     0.125188     246.662549     246.622363     0.000000
518000      19.000000     2     0.118918     246.627450     246.627816     246.628377
519000      20.000000     0     0.114268     246.662550     246.622363     0.000000
520000      19.000000     2     0.109343     246.627450     246.627816     246.628379
521000      20.000000     0     0.105738     246.662551     246.622363     0.000000
522000      19.000000     2     0.101926     246.627450     246.627816     246.628380
523000      20.000000     0     0.099177     246.662552     246.622363     0.000000
524000      19.000000     2     0.096271     246.627450     246.627816     246.628382
525000      20.000000     0     0.094214     246.662553     246.622363     0.000000
526000      19.000000     2     0.092038     246.627450     246.627816     246.628383
527000      20.000000     0     0.090536     246.662553     246.622363     0.000000
528000      19.000000     2     0.088943     246.627450     246.627816     246.628384
529000      20.000000     0     0.087882     246.662554     246.622363     0.000000
530000      19.000000     2     0.086752     246.627450     246.627816     246.628385
531000      20.000000     0     0.086039     246.662554     246.622363     0.000000
532000      19.000000     0     0.085273     246.627450     246.627816     246.628387
533000      18.000000     2     0.084586     246.595965     246.596765     246.602034
534000      19.000000     2     0.084114     246.627451     246.627816     246.628387
535000      20.000000     0     0.083683     246.662555     246.622363     0.000000
536000      19.000000     2     0.083253     246.627451     246.627816     246.628388
537000      20.000000     0     0.082835     246.662555     246.622363     0.000000
538000      19.000000     2     0.082417     246.627451     246.627816     246.628389
539000      20.000000     0     0.082008     246.662556     246.622363     0.000000
540000      19.000000     2     0.081599     246.627451     246.627816     246.628390
541000      20.000000     0     0.081197     246.662556     246.622363     0.000000
542000      19.000000     2     0.080794     246.627451     246.627816     246.628391
543000      20.000000     0     0.080397     246.662557     246.622363     0.000000
544000      19.000000     2     0.079999     246.627451     246.627816     246.628392
545000      20.000000     0     0.079604     246.662557     246.622363     0.000000
546000      19.000000     2     0.079209     246.627451     246.627816     246.628394
547000      20.000000     0     0.078817     246.662558     246.622363     0.000000
548000      19.000000     2     0.078424     246.627451     246.627816     246.628395
549000      20.000000     0     0.078032     246.662558     246.622363     0.000000
550000      19.000000     2     0.077641     246.627451     246.627816     246.628396
551000      20.000000     0     0.077250     246.662559     246.622363     0.000000
552000      19.000000     2     0.076858     246.627451     246.627816     246.628397
553000      20.000000     0     0.076467     246.662559     246.622363     0.000000
554000      19.000000     0     0.076074     246.627451     246.627816     246.628398
555000      18.000000     2     0.075681     246.595965     246.596765     246.602035
556000      19.000000     2     0.075287     246.627451     246.627816     246.628398
557000      20.000000     0     0.074893     246.662559     246.622363     0.000000
558000      19.000000     2     0.074498     246.627451     246.627816     246.628399
559000      20.000000     0     0.074102     246.662560     246.622363     0.000000
560000      19.000000     2     0.073705     246.627451     246.627816     246.628400
561000      20.000000     0     0.073307     246.662560     246.622363     0.000000
562000      19.000000     2     0.072909     246.627451     246.627816     246.628401
563000      20.000000     0     0.072509     246.662561     246.622363     0.000000
564000      19.000000     2     0.072109     246.627451     246.627816     246.628402
565000      20.000000     0     0.071708     246.662561     246.622363     0.000000
566000      19.000000     2     0.071306     246.627451     246.627816     246.628404
567000      20.000000     0     0.070902     246.662561     246.622363     0.000000
568000      19.000000     2     0.070499     246.627451     246.627816     246.628405
569000      20.000000     0     0.070093     246.662562     246.622363     0.000000
570000      19.000000     2     0.069687     246.627451     246.627816     246.628406
571000      20.000000     0     0.069279     246.662562     246.622363     0.000000
572000      19.000000     2     0.068872     246.627451     246.627816     246.628407
573000      20.000000     0     0.068462     246.662562     246.622363     0.000000
574000      19.000000     2     0.068053     246.627451     246.627816     246.628408
575000      20.000000     0     0.067641     246.662563     246.622363     0.000000
576000      19.000000     2     0.067230     246.627451     246.627816     246.628409
577000      20.000000     0     0.066815     246.662563     246.622363     0.000000
578000      19.000000     0     0.066403     246.627451     246.627816     246.628410
579000      18.000000     2     0.065988     246.595965     246.596765     246.602036
580000      19.000000     2     0.065574     246.627452     246.627816     246.628410
581000      20.000000     0     0.065156     246.662563     246.622363     0.000000
582000      19.000000     2     0.064740     246.627452     246.627816     246.628411
583000      20.000000     0     0.064321     246.662564     246.622363     0.000000
584000      19.000000     0     0.063903     246.627452     246.627816     246.628412
585000      18.000000     2     0.063484     246.595965     246.596765     246.602037
586000      19.000000     2     0.063066     246.627452     246.627816     246.628412
587000      20.000000     0     0.062643     246.662564     246.622363     0.000000
588000      19.000000     2     0.062224     246.627452     246.627816     246.628413
589000      20.000000     0     0.061801     246.662564     246.622363     0.000000
590000      19.000000     2     0.061381     246.627452     246.627816     246.628414
591000      20.000000     0     0.060956     246.662565     246.622363     0.000000
592000      19.000000     2     0.060535     246.627452     246.627816     246.628415
593000      20.000000     0     0.060111     246.662565     246.622363     0.000000
594000      19.000000     0     0.059689     246.627452     246.627816     246.628416
595000      18.000000     2     0.059266     246.595965     246.596765     246.602038
596000      19.000000     2     0.058844     246.627452     246.627816     246.628416
597000      20.000000     0     0.058419     246.662565     246.622363     0.000000
598000      19.000000     2     0.057997     246.627452     246.627816     246.628416
599000      20.000000     0     0.057572     246.662565     246.622363     0.000000
600000      19.000000     2     0.057151     246.627452     246.627816     246.628417
601000      20.000000     0     0.056726     246.662566     246.622363     0.000000
602000      19.000000     2     0.056305     246.627452     246.627816     246.628418
603000      20.000000     0     0.055880     246.662566     246.622363     0.000000
604000      19.000000     2     0.055460     246.627452     246.627816     246.628419
605000      20.000000     0     0.055036     246.662566     246.622363     0.000000
606000      19.000000     2     0.054616     246.627452     246.627816     246.628420
607000      20.000000     0     0.054194     246.662566     246.622363     0.000000
608000      19.000000     2     0.053775     246.627452     246.627816     246.628421
609000      20.000000     0     0.053353     246.662566     246.622363     0.000000
610000      19.000000     2     0.052935     246.627452     246.627816     246.628422
611000      20.000000     0     0.052515     246.662567     246.622363     0.000000
612000      19.000000     2     0.052098     246.627452     246.627816     246.628423
613000      20.000000     0     0.051679     246.662567     246.622363     0.000000
614000      19.000000     2     0.051264     246.627452     246.627816     246.628424
615000      20.000000     0     0.050846     246.662567     246.622363     0.000000
616000      19.000000     2     0.050432     246.627452     246.627816     246.628424
617000      20.000000     0     0.050016     246.662567     246.622363     0.000000
618000      19.000000     2     0.049604     246.627452     246.627816     246.628425
619000      20.000000     0     0.049189     246.662567     246.622363     0.000000
620000      19.000000     2     0.048778     246.627452     246.627816     246.628426
621000      20.000000     1     0.048366     246.662567     246.622363     0.000000
622000      20.000000     0     0.047954     246.662567     246.622364     0.000000
623000      19.000000     2     0.047545     246.627452     246.627816     246.628427
624000      20.000000     0     0.047135     246.662568     246.622364     0.000000
625000      19.000000     2     0.046727     246.627452     246.627816     246.628427
626000      20.000000     0     0.046319     246.662568     246.622364     0.000000
627000      19.000000     2     0.045913     246.627452     246.627816     246.628428
628000      20.000000     0     0.045506     246.662568     246.622364     0.000000
629000      19.000000     2     0.045101     246.627452     246.627816     246.628429
630000      20.000000     0     0.044696     246.662568     246.622364     0.000000
631000      19.000000     2     0.044293     246.627452     246.627816     246.628430
632000      20.000000     0     0.043889     246.662568     246.622364     0.000000
633000      19.000000     2     0.043487     246.627452     246.627816     246.628431
634000      20.000000     0     0.043085     246.662568     246.622364     0.000000
635000      19.000000     0     0.042684     246.627452     246.627816     246.628431
636000      18.000000     2     0.042283     246.595965     246.596765     246.602039
637000      19.000000     2     0.041883     246.627453     246.627816     246.628431
638000      20.000000     0     0.041483     246.662568     246.622364     0.000000
639000      19.000000     2     0.041084     246.627453     246.627816     246.628432
640000      20.000000     0     0.040685     246.662568     246.622364     0.000000
641000      19.000000     2     0.040287     246.627453     246.627816     246.628433
642000      20.000000     0     0.039889     246.662568     246.622364     0.000000
643000      19.000000     2     0.039492     246.627453     246.627816     246.628434
644000      20.000000     0     0.039094     246.662568     246.622364     0.000000
645000      19.000000     0     0.038698     246.627453     246.627816     246.628434
646000      18.000000     2     0.038301     246.595965     246.596765     246.602039
647000      19.000000     2     0.037905     246.627453     246.627816     246.628434
648000      20.000000     0     0.037509     246.662568     246.622364     0.000000
649000      19.000000     2     0.037114     246.627453     246.627816     246.628435
650000      20.000000     0     0.036718     246.662568     246.622364     0.000000
651000      19.000000     2     0.036323     246.627453     246.627816     246.628436
652000      20.000000     0     0.035928     246.662569     246.622364     0.000000
653000      19.000000     2     0.035533     246.627453     246.627816     246.628436
654000      20.000000     0     0.035139     246.662569     246.622364     0.000000
655000      19.000000     2     0.034744     246.627453     246.627816     246.628437
656000      20.000000     0     0.034350     246.662569     246.622364     0.000000
657000      19.000000     2     0.033956     246.627453     246.627816     246.628438
658000      20.000000     0     0.033563     246.662569     246.622364     0.000000
659000      19.000000     2     0.033170     246.627453     246.627816     246.628439
660000      20.000000     0     0.032777     246.662569     246.622364     0.000000
661000      19.000000     2     0.032385     246.627453     246.627816     246.628439
662000      20.000000     0     0.031994     246.662569     246.622364     0.000000
663000      19.000000     2     0.031603     246.627453     246.627816     246.628440
664000      20.000000     0     0.031213     246.662568     246.622364     0.000000
665000      19.000000     2     0.030823     246.627453     246.627816     246.628441
666000      20.000000     0     0.030435     246.662568     246.622364     0.000000
667000      19.000000     2     0.030047     246.627453     246.627816     246.628441
668000      20.000000     0     0.029661     246.662568     246.622364     0.000000
669000      19.000000     2     0.029275     246.627453     246.627816     246.628442
670000      20.000000     0     0.028890     246.662568     246.622364     0.000000
671000      19.000000     2     0.028507     246.627453     246.627816     246.628442
672000      20.000000     0     0.028125     246.662568     246.622364     0.000000
673000      19.000000     2     0.027745     246.627453     246.627816     246.628443
674000      20.000000     0     0.027365     246.662568     246.622364     0.000000
675000      19.000000     1     0.026988     246.627453     246.627816     246.628444
676000      19.000000     2     0.026613     246.627453     246.627816     246.628444
677000      20.000000     0     0.026238     246.662568     246.622364     0.000000
678000      19.000000     2     0.025866     246.627453     246.627816     246.628444
679000      20.000000     0     0.025495     246.662568     246.622364     0.000000
680000      19.000000     2     0.025128     246.627453     246.627816     246.628445
681000      20.000000     0     0.024761     246.662568     246.622364     0.000000
682000      19.000000     2     0.024398     246.627453     246.627816     246.628446
683000      20.000000     0     0.024035     246.662568     246.622364     0.000000
684000      19.000000     2     0.023678     246.627453     246.627816     246.628446
685000      20.000000     0     0.023320     246.662568     246.622364     0.000000
686000      19.000000     2     0.022968     246.627453     246.627816     246.628447
687000      20.000000     0     0.022616     246.662568     246.622364     0.000000
688000      19.000000     2     0.022270     246.627453     246.627816     246.628447
689000      20.000000     0     0.021924     246.662568     246.622364     0.000000
690000      19.000000     0     0.021585     246.627453     246.627816     246.628448
691000      18.000000     2     0.021254     246.595965     246.596765     246.602040
692000      19.000000     2     0.020924     246.627453     246.627816     246.628448
693000      20.000000     0     0.020593     246.662567     246.622364     0.000000
694000      19.000000     2     0.020272     246.627453     246.627816     246.628448
695000      20.000000     0     0.019948     246.662567     246.622364     0.000000
696000      19.000000     2     0.019637     246.627453     246.627816     246.628449
697000      20.000000     0     0.019324     246.662567     246.622364     0.000000
698000      19.000000     2     0.019024     246.627453     246.627816     246.628449
699000      20.000000     0     0.018720     246.662567     246.622364     0.000000
700000      19.000000     2     0.018434     246.627453     246.627816     246.628450
701000      20.000000     0     0.018142     246.662567     246.622364     0.000000
702000      19.000000     2     0.017870     246.627453     246.627816     246.628450
703000      20.000000     0     0.017593     246.662567     246.622364     0.000000
704000      19.000000     2     0.017337     246.627453     246.627816     246.628451
705000      20.000000     0     0.017076     246.662567     246.622364     0.000000
706000      19.000000     2     0.016840     246.627453     246.627816     246.628452
707000      20.000000     0     0.016597     246.662566     246.622364     0.000000
708000      19.000000     2     0.016384     246.627453     246.627816     246.628452
709000      20.000000     0     0.016163     246.662566     246.622364     0.000000
710000      19.000000     2     0.015977     246.627453     246.627816     246.628453
711000      20.000000     0     0.015782     246.662566     246.622364     0.000000
712000      19.000000     2     0.015629     246.627453     246.627816     246.628453
713000      20.000000     0     0.015465     246.662566     246.622364     0.000000
714000      19.000000     2     0.015352     246.627453     246.627816     246.628454
715000      20.000000     0     0.015226     246.662566     246.622364     0.000000
716000      19.000000     2     0.015161     246.627453     246.627816     246.628454
717000      20.000000     0     0.015083     246.662565     246.622364     0.000000
718000      19.000000     2     0.015078     246.627453     246.627816     246.628455
719000      20.000000     0     0.015059     246.662565     246.622364     0.000000
720000      19.000000     2     0.015129     246.627453     246.627816     246.628455
721000      20.000000     0     0.015184     246.662565     246.622364     0.000000
722000      19.000000     2     0.015350     246.627453     246.627816     246.628456
723000      20.000000     0     0.015499     246.662565     246.622364     0.000000
724000      19.000000     2     0.015788     246.627453     246.627816     246.628456
725000      20.000000     0     0.016058     246.662565     246.622364     0.000000
726000      19.000000     2     0.016420     246.627453     246.627816     246.628457
727000      20.000000     0     0.016790     246.662565     246.622364     0.000000
728000      19.000000     2     0.017162     246.627453     246.627816     246.628457
729000      20.000000     0     0.017544     246.662564     246.622364     0.000000
730000      19.000000     2     0.017935     246.627453     246.627816     246.628458
731000      20.000000     0     0.018338     246.662564     246.622364     0.000000
732000      19.000000     2     0.018759     246.627453     246.627816     246.628458
733000      20.000000     0     0.019195     246.662564     246.622364     0.000000
734000      19.000000     2     0.019664     246.627453     246.627816     246.628459
735000      20.000000     0     0.020153     246.662564     246.622364     0.000000
736000      19.000000     2     0.020701     246.627453     246.627816     246.628459
737000      20.000000     0     0.021275     246.662564     246.622364     0.000000
738000      19.000000     2     0.021949     246.627453     246.627816     246.628460
739000      20.000000     0     0.022661     246.662564     246.622364     0.000000
740000      19.000000     2     0.023537     246.627453     246.627816     246.628460
741000      20.000000     0     0.024470     246.662564     246.622364     0.000000
742000      19.000000     2     0.025672     246.627453     246.627816     246.628461
743000      20.000000     0     0.026960     246.662563     246.622364     0.000000
744000      19.000000     2     0.028686     246.627453     246.627816     246.628461
745000      20.000000     0     0.030542     246.662563     246.622364     0.000000
746000      19.000000     2     0.033104     246.627453     246.627816     246.628462
747000      20.000000     0     0.035860     246.662563     246.622364     0.000000
748000      19.000000     2     0.039734     246.627453     246.627816     246.628463
749000      20.000000     1     0.043882     246.662563     246.622364     0.000000
750000      20.000000     0     0.048771     246.662563     246.622365     0.000000
751000      19.000000     2     0.055713     246.627453     246.627816     246.628463
752000      20.000000     0     0.063022     246.662563     246.622365     0.000000
753000      19.000000     2     0.073286     246.627453     246.627816     246.628464
754000      20.000000     0     0.083812     246.662564     246.622365     0.000000
755000      19.000000     2     0.098226     246.627453     246.627816     246.628465
756000      20.000000     0     0.112464     246.662564     246.622365     0.000000
757000      19.000000     2     0.131212     246.627453     246.627816     246.628466
758000      20.000000     0     0.148861     246.662565     246.622365     0.000000
759000      19.000000     2     0.170971     246.627453     246.627816     246.628468
760000      20.000000     0     0.190680     246.662566     246.622365     0.000000
761000      19.000000     2     0.214065     246.627453     246.627816     246.628470
762000      20.000000     0     0.233815     246.662568     246.622365     0.000000
763000      19.000000     0     0.256098     246.627453     246.627816     246.628473
764000      18.000000     2     0.279507     246.595965     246.596765     246.602041
765000      19.000000     2     0.300057     246.627455     246.627816     246.628473
766000      20.000000     0     0.315729     246.662570     246.622365     0.000000
767000      19.000000     2     0.331965     246.627455     246.627816     246.628476
768000      20.000000     0     0.344150     246.662573     246.622365     0.000000
769000      19.000000     2     0.356649     246.627455     246.627816     246.628480
770000      20.000000     0     0.365989     246.662576     246.622365     0.000000
771000      19.000000     2     0.375566     246.627455     246.627816     246.628483
772000      20.000000     0     0.382756     246.662579     246.622365     0.000000
773000      19.000000     2     0.390170     246.627455     246.627816     246.628488
774000      20.000000     0     0.395793     246.662582     246.622365     0.000000
775000      19.000000     0     0.401644     246.627455     246.627816     246.628492
776000      18.000000     2     0.407306     246.595965     246.596765     246.602044
777000      19.000000     2     0.412094     246.627459     246.627816     246.628492
778000      20.000000     0     0.415820     246.662586     246.622365     0.000000
779000      19.000000     2     0.419767     246.627459     246.627816     246.628496
780000      20.000000     0     0.422892     246.662590     246.622365     0.000000
781000      19.000000     2     0.426237     246.627459     246.627816     246.628501
782000      20.000000     0     0.428930     246.662594     246.622365     0.000000
783000      19.000000     2     0.431838     246.627459     246.627816     246.628505
784000      20.000000     0     0.434218     246.662598     246.622365     0.000000
785000      19.000000     2     0.436808     246.627459     246.627816     246.628510
786000      20.000000     0     0.438957     246.662602     246.622365     0.000000
787000      19.000000     2     0.441313     246.627459     246.627816     246.628515
788000      20.000000     0     0.443293     246.662606     246.622365     0.000000
789000      19.000000     0     0.445475     246.627459     246.627816     246.628519
790000      18.000000     2     0.447740     246.595965     246.596765     246.602048
791000      19.000000     2     0.449825     246.627463     246.627816     246.628519
792000      20.000000     0     0.451608     246.662610     246.622365     0.000000
793000      19.000000     2     0.453587     246.627463     246.627816     246.628524
794000      20.000000     0     0.455293     246.662614     246.622365     0.000000
795000      19.000000     2     0.457191     246.627463     246.627816     246.628529
796000      20.000000     0     0.458837     246.662618     246.622365     0.000000
797000      19.000000     2     0.460671     246.627463     246.627816     246.628534
798000      20.000000     0     0.462269     246.662623     246.622365     0.000000
799000      19.000000     2     0.464051     246.627463     246.627816     246.628539
800000      20.000000     0     0.465609     246.662627     246.622365     0.000000
801000      19.000000     2     0.467346     246.627463     246.627816     246.628544
802000      20.000000     1     0.468867     246.662631     246.622365     0.000000
803000      20.000000     0     0.470356     246.662631     246.622370     0.000000
804000      19.000000     2     0.472014     246.627463     246.627816     246.628549
805000      20.000000     0     0.473469     246.662635     246.622370     0.000000
806000      19.000000     2     0.475087     246.627463     246.627816     246.628554
807000      20.000000     0     0.476506     246.662640     246.622370     0.000000
808000      19.000000     2     0.478080     246.627463     246.627816     246.628559
809000      20.000000     0     0.479459     246.662644     246.622370     0.000000
810000      19.000000     2     0.480982     246.627463     246.627816     246.628564
811000      20.000000     0     0.482316     246.662649     246.622370     0.000000
812000      19.000000     2     0.483782     246.627463     246.627816     246.628569
813000      20.000000     0     0.485064     246.662653     246.622370     0.000000
814000      19.000000     2     0.486465     246.627463     246.627816     246.628574
815000      20.000000     0     0.487688     246.662658     246.622370     0.000000
816000      19.000000     2     0.489017     246.627463     246.627816     246.628579
817000      20.000000     0     0.490176     246.662662     246.622370     0.000000
818000      19.000000     2     0.491426     246.627463     246.627816     246.628585
819000      20.000000     0     0.492515     246.662667     246.622370     0.000000
820000      19.000000     2     0.493682     246.627463     246.627816     246.628590
821000      20.000000     0     0.494697     246.662671     246.622370     0.000000
822000      19.000000     2     0.495777     246.627463     246.627816     246.628595
823000      20.000000     0     0.496717     246.662676     246.622370     0.000000
824000      19.000000     2     0.497708     246.627463     246.627816     246.628601
825000      20.000000     0     0.498573     246.662681     246.622370     0.000000
826000      19.000000     2     0.499478     246.627463     246.627816     246.628606
827000      20.000000     0     0.500271     246.662685     246.622370     0.000000
828000      19.000000     2     0.501092     246.627463     246.627816     246.628611
829000      20.000000     0     0.501816     246.662690     246.622370     0.000000
830000      19.000000     2     0.502560     246.627463     246.627816     246.628617
831000      20.000000     0     0.503220     246.662695     246.622370     0.000000
832000      19.000000     2     0.503894     246.627463     246.627816     246.628622
833000      20.000000     0     0.504497     246.662699     246.622370     0.000000
834000      19.000000     2     0.505109     246.627463     246.627816     246.628627
835000      20.000000     0     0.505664     246.662704     246.622370     0.000000
836000      19.000000     2     0.506223     246.627463     246.627816     246.628633
837000      20.000000     0     0.506649     246.662709     246.622370     0.000000
838000      19.000000     2     0.507117     246.627463     246.627816     246.628638
839000      20.000000     0     0.507375     246.662713     246.622370     0.000000
840000      19.000000     2     0.507661     246.627463     246.627816     246.628643
841000      20.000000     0     0.507777     246.662718     246.622370     0.000000
842000      19.000000     2     0.507910     246.627463     246.627816     246.628649
843000      20.000000     0     0.507909     246.662723     246.622370     0.000000
844000      19.000000     2     0.507919     246.627463     246.627816     246.628654
845000      20.000000     0     0.507825     246.662728     246.622370     0.000000
846000      19.000000     2     0.507738     246.627463     246.627816     246.628660
847000      20.000000     0     0.507573     246.662732     246.622370     0.000000
848000      19.000000     0     0.507411     246.627463     246.627816     246.628665
849000      18.000000     2     0.507229     246.595965     246.596765     246.602053
850000      19.000000     2     0.507009     246.627468     246.627816     246.628665
851000      20.000000     0     0.506746     246.662737     246.622370     0.000000
852000      19.000000     2     0.506483     246.627468     246.627816     246.628671
853000      20.000000     0     0.506187     246.662742     246.622370     0.000000
854000      19.000000     2     0.505890     246.627468     246.627816     246.628676
855000      20.000000     0     0.505567     246.662747     246.622370     0.000000
856000      19.000000     2     0.505238     246.627468     246.627816     246.628681
857000      20.000000     0     0.504887     246.662751     246.622370     0.000000
858000      19.000000     2     0.504524     246.627468     246.627816     246.628687
859000      20.000000     0     0.504142     246.662756     246.622370     0.000000
860000      19.000000     2     0.503740     246.627468     246.627816     246.628692
861000      20.000000     0     0.503321     246.662761     246.622370     0.000000
862000      19.000000     2     0.502936     246.627468     246.627816     246.628698
863000      20.000000     0     0.502582     246.662765     246.622370     0.000000
864000      19.000000     2     0.502230     246.627468     246.627816     246.628703
865000      20.000000     0     0.501868     246.662770     246.622370     0.000000
866000      19.000000     2     0.501508     246.627468     246.627816     246.628708
867000      20.000000     0     0.501138     246.662775     246.622370     0.000000
868000      19.000000     2     0.500772     246.627468     246.627816     246.628714
869000      20.000000     0     0.500395     246.662779     246.622370     0.000000
870000      19.000000     2     0.500022     246.627468     246.627816     246.628719
871000      20.000000     0     0.499639     246.662784     246.622370     0.000000
872000      19.000000     2     0.499260     246.627468     246.627816     246.628724
873000      20.000000     0     0.498872     246.662789     246.622370     0.000000
874000      19.000000     2     0.498489     246.627468     246.627816     246.628730
875000      20.000000     0     0.498096     246.662793     246.622370     0.000000
876000      19.000000     2     0.497708     246.627468     246.627816     246.628735
877000      20.000000     0     0.497311     246.662798     246.622370     0.000000
878000      19.000000     2     0.496920     246.627468     246.627816     246.628740
879000      20.000000     0     0.496520     246.662803     246.622370     0.000000
880000      19.000000     2     0.496125     246.627468     246.627816     246.628746
881000      20.000000     0     0.495723     246.662807     246.622370     0.000000
882000      19.000000     2     0.495326     246.627468     246.627816     246.628751
883000      20.000000     0     0.494922     246.662812     246.622370     0.000000
884000      19.000000     2     0.494524     246.627468     246.627816     246.628756
885000      20.000000     0     0.494118     246.662817     246.622370     0.000000
886000      19.000000     2     0.493718     246.627468     246.627816     246.628761
887000      20.000000     0     0.493312     246.662821     246.622370     0.000000
888000      19.000000     2     0.492911     246.627468     246.627816     246.628767
889000      20.000000     0     0.492504     246.662826     246.622370     0.000000
890000      19.000000     2     0.492104     246.627468     246.627816     246.628772
891000      20.000000     0     0.491697     246.662830     246.622370     0.000000
892000      19.000000     2     0.491296     246.627468     246.627816     246.628777
893000      20.000000     0     0.490890     246.662835     246.622370     0.000000
894000      19.000000     2     0.490489     246.627468     246.627816     246.628783
895000      20.000000     0     0.490084     246.662839     246.622370     0.000000
896000      19.000000     2     0.489684     246.627468     246.627816     246.628788
897000      20.000000     0     0.489279     246.662844     246.622370     0.000000
898000      19.000000     2     0.488880     246.627468     246.627816     246.628793
899000      20.000000     0     0.488476     246.662849     246.622370     0.000000
900000      19.000000     2     0.488078     246.627468     246.627816     246.628798
901000      20.000000     0     0.487676     246.662853     246.622370     0.000000
902000      19.000000     2     0.487278     246.627468     246.627816     246.628803
903000      20.000000     0     0.486878     246.662858     246.622370     0.000000
904000      19.000000     2     0.486481     246.627468     246.627816     246.628809
905000      20.000000     0     0.486082     246.662862     246.622370     0.000000
906000      19.000000     2     0.485686     246.627468     246.627816     246.628814
907000      20.000000     0     0.485288     246.662867     246.622370     0.000000
908000      19.000000     2     0.484893     246.627468     246.627816     246.628819
909000      20.000000     0     0.484497     246.662871     246.622370     0.000000
910000      19.000000     2     0.484103     246.627468     246.627816     246.628824
911000      20.000000     0     0.483708     246.662876     246.622370     0.000000
912000      19.000000     2     0.483314     246.627468     246.627816     246.628829
913000      20.000000     0     0.482920     246.662880     246.622370     0.000000
914000      19.000000     2     0.482528     246.627468     246.627816     246.628835
915000      20.000000     0     0.482135     246.662885     246.622370     0.000000
916000      19.000000     2     0.481743     246.627468     246.627816     246.628840
917000      20.000000     0     0.481350     246.662889     246.622370     0.000000
918000      19.000000     2     0.480959     246.627468     246.627816     246.628845
919000      20.000000     0     0.480567     246.662894     246.622370     0.000000
920000      19.000000     2     0.480176     246.627468     246.627816     246.628850
921000      20.000000     0     0.479785     246.662898     246.622370     0.000000
922000      19.000000     2     0.479395     246.627468     246.627816     246.628855
923000      20.000000     0     0.479004     246.662903     246.622370     0.000000
924000      19.000000     2     0.478613     246.627468     246.627816     246.628860
925000      20.000000     0     0.478222     246.662907     246.622370     0.000000
926000      19.000000     2     0.477832     246.627468     246.627816     246.628866
927000      20.000000     0     0.477441     246.662911     246.622370     0.000000
928000      19.000000     2     0.477050     246.627468     246.627816     246.628871
929000      20.000000     0     0.476659     246.662916     246.622370     0.000000
930000      19.000000     2     0.476268     246.627468     246.627816     246.628876
931000      20.000000     0     0.475877     246.662920     246.622370     0.000000
932000      19.000000     2     0.475486     246.627468     246.627816     246.628881
933000      20.000000     0     0.475095     246.662925     246.622370     0.000000
934000      19.000000     2     0.474703     246.627468     246.627816     246.628886
935000      20.000000     0     0.474311     246.662929     246.622370     0.000000
936000      19.000000     2     0.473919     246.627468     246.627816     246.628891
937000      20.000000     0     0.473527     246.662934     246.622370     0.000000
938000      19.000000     2     0.473135     246.627468     246.627816     246.628896
939000      20.000000     0     0.472742     246.662938     246.622370     0.000000
940000      19.000000     2     0.472350     246.627468     246.627816     246.628901
941000      20.000000     0     0.471957     246.662942     246.622370     0.000000
942000      19.000000     2     0.471564     246.627468     246.627816     246.628906
943000      20.000000     0     0.471172     246.662947     246.622370     0.000000
944000      19.000000     2     0.470779     246.627468     246.627816     246.628911
945000      20.000000     0     0.470386     246.662951     246.622370     0.000000
946000      19.000000     2     0.469994     246.627468     246.627816     246.628916
947000      20.000000     0     0.469601     246.662955     246.622370     0.000000
948000      19.000000     2     0.469208     246.627468     246.627816     246.628921
949000      20.000000     0     0.468816     246.662960     246.622370     0.000000
950000      19.000000     2     0.468424     246.627468     246.627816     246.628926
951000      20.000000     0     0.468031     246.662964     246.622370     0.000000
952000      19.000000     2     0.467639     246.627468     246.627816     246.628931
953000      20.000000     0     0.467247     246.662968     246.622370     0.000000
954000      19.000000     2     0.466856     246.627468     246.627816     246.628936
955000      20.000000     0     0.466464     246.662973     246.622370     0.000000
956000      19.000000     2     0.466073     246.627468     246.627816     246.628941
957000      20.000000     0     0.465681     246.662977     246.622370     0.000000
958000      19.000000     2     0.465290     246.627468     246.627816     246.628946
959000      20.000000     0     0.464899     246.662981     246.622370     0.000000
960000      19.000000     2     0.464509     246.627468     246.627816     246.628951
961000      20.000000     0     0.464118     246.662986     246.622370     0.000000
962000      19.000000     2     0.463728     246.627468     246.627816     246.628956
963000      20.000000     0     0.463338     246.662990     246.622370     0.000000
964000      19.000000     2     0.462949     246.627468     246.627816     246.628961
965000      20.000000     0     0.462559     246.662994     246.622370     0.000000
966000      19.000000     2     0.462169     246.627468     246.627816     246.628966
967000      20.000000     0     0.461780     246.662999     246.622370     0.000000
968000      19.000000     2     0.461391     246.627468     246.627816     246.628971
969000      20.000000     0     0.461001     246.663003     246.622370     0.000000
970000      19.000000     2     0.460613     246.627468     246.627816     246.628976
971000      20.000000     0     0.460223     246.663007     246.622370     0.000000
972000      19.000000     2     0.459835     246.627468     246.627816     246.628981
973000      20.000000     0     0.459446     246.663011     246.622370     0.000000
974000      19.000000     2     0.459058     246.627468     246.627816     246.628986
975000      20.000000     0     0.458669     246.663016     246.622370     0.000000
976000      19.000000     2     0.458281     246.627468     246.627816     246.628991
977000      20.000000     0     0.457892     246.663020     246.622370     0.000000
978000      19.000000     2     0.457504     246.627468     246.627816     246.628996
979000      20.000000     0     0.457115     246.663024     246.622370     0.000000
980000      19.000000     2     0.456728     246.627468     246.627816     246.629001
981000      20.000000     0     0.456339     246.663028     246.622370     0.000000
982000      19.000000     2     0.455952     246.627468     246.627816     246.629006
983000      20.000000     0     0.455563     246.663033     246.622370     0.000000
984000      19.000000     2     0.455176     246.627468     246.627816     246.629011
985000      20.000000     0     0.454788     246.663037     246.622370     0.000000
986000      19.000000     2     0.454401     246.627468     246.627816     246.629016
987000      20.000000     0     0.454013     246.663041     246.622370     0.000000
988000      19.000000     2     0.453626     246.627468     246.627816     246.629021
989000      20.000000     0     0.453238     246.663045     246.622370     0.000000
990000      19.000000     2     0.452852     246.627468     246.627816     246.629025
991000      20.000000     0     0.452464     246.663049     246.622370     0.000000
992000      19.000000     2     0.452078     246.627468     246.627816     246.629030
993000      20.000000     0     0.451690     246.663054     246.622370     0.000000
994000      19.000000     2     0.451304     246.627468     246.627816     246.629035
995000      20.000000     0     0.450917     246.663058     246.622370     0.000000
996000      19.000000     2     0.450531     246.627468     246.627816     246.629040
997000      20.000000     0     0.450143     246.663062     246.622370     0.000000
998000      19.000000     2     0.449758     246.627468     246.627816     246.629045
999000      20.000000     0     0.449370     246.663066     246.622370     0.000000
1000000      19.000000     2     0.448984     246.627468     246.627816     246.629050
