step        alpha       action      reward        Q[s+0]      Q[s+1]      Q[s+2]
0      12.000000     2     0.000000     244.529229     244.527079     244.541905
1000      14.000000     2     0.006712     244.631247     244.635975     244.684931
2000      16.000000     2     0.011738     244.688943     244.684947     244.691429
3000      18.000000     2     0.015556     244.697012     244.702548     244.751532
4000      19.000000     0     0.018574     244.701842     244.701324     244.593894
5000      18.000000     2     0.020947     244.697012     244.702548     244.751529
6000      19.000000     0     0.022963     244.701849     244.701324     244.593894
7000      18.000000     2     0.024563     244.697012     244.702548     244.751526
8000      19.000000     0     0.025989     244.701856     244.701324     244.593894
9000      18.000000     2     0.027156     244.697012     244.702548     244.751523
10000      19.000000     0     0.028220     244.701864     244.701324     244.593894
11000      18.000000     2     0.029117     244.697012     244.702548     244.751521
12000      19.000000     0     0.029943     244.701872     244.701324     244.593894
13000      18.000000     0     0.030639     244.697012     244.702548     244.751519
14000      16.000000     2     0.031303     244.688943     244.684947     244.691436
15000      18.000000     2     0.031860     244.697014     244.702548     244.751519
16000      19.000000     0     0.032401     244.701874     244.701324     244.593894
17000      18.000000     2     0.032858     244.697014     244.702548     244.751517
18000      19.000000     0     0.033308     244.701882     244.701324     244.593894
19000      18.000000     2     0.033690     244.697014     244.702548     244.751515
20000      19.000000     0     0.034067     244.701891     244.701324     244.593894
21000      18.000000     2     0.034386     244.697014     244.702548     244.751514
22000      19.000000     0     0.034700     244.701899     244.701324     244.593894
23000      18.000000     2     0.034971     244.697014     244.702548     244.751512
24000      19.000000     0     0.035240     244.701907     244.701324     244.593894
25000      18.000000     2     0.035466     244.697014     244.702548     244.751511
26000      19.000000     0     0.035694     244.701916     244.701324     244.593894
27000      18.000000     2     0.035885     244.697014     244.702548     244.751509
28000      19.000000     0     0.036075     244.701924     244.701324     244.593894
29000      18.000000     2     0.036236     244.697014     244.702548     244.751508
30000      19.000000     0     0.036395     244.701933     244.701324     244.593894
31000      18.000000     2     0.036530     244.697014     244.702548     244.751507
32000      19.000000     0     0.036661     244.701942     244.701324     244.593894
33000      18.000000     2     0.036770     244.697014     244.702548     244.751505
34000      19.000000     0     0.036877     244.701950     244.701324     244.593894
35000      18.000000     2     0.036964     244.697014     244.702548     244.751504
36000      19.000000     0     0.037048     244.701959     244.701324     244.593894
37000      18.000000     2     0.037115     244.697014     244.702548     244.751503
38000      19.000000     0     0.037178     244.701968     244.701324     244.593894
39000      18.000000     2     0.037226     244.697014     244.702548     244.751502
40000      19.000000     0     0.037270     244.701976     244.701324     244.593894
41000      18.000000     2     0.037300     244.697014     244.702548     244.751500
42000      19.000000     0     0.037279     244.701985     244.701324     244.593894
43000      18.000000     2     0.037250     244.697014     244.702548     244.751499
44000      19.000000     0     0.037168     244.701994     244.701324     244.593894
45000      18.000000     2     0.037081     244.697014     244.702548     244.751498
46000      19.000000     0     0.036950     244.702002     244.701324     244.593894
47000      18.000000     2     0.036813     244.697014     244.702548     244.751497
48000      19.000000     0     0.036641     244.702011     244.701324     244.593894
49000      18.000000     2     0.036464     244.697014     244.702548     244.751495
50000      19.000000     0     0.036257     244.702020     244.701324     244.593894
51000      18.000000     2     0.036046     244.697014     244.702548     244.751494
52000      19.000000     0     0.035810     244.702028     244.701324     244.593894
53000      18.000000     2     0.035571     244.697014     244.702548     244.751493
54000      19.000000     0     0.035311     244.702037     244.701324     244.593894
55000      18.000000     1     0.035048     244.697014     244.702548     244.751491
56000      18.000000     2     0.034774     244.697014     244.702557     244.751491
57000      19.000000     0     0.034485     244.702040     244.701324     244.593894
58000      18.000000     2     0.034193     244.697014     244.702557     244.751490
59000      19.000000     0     0.033888     244.702049     244.701324     244.593894
60000      18.000000     2     0.033580     244.697014     244.702557     244.751488
61000      19.000000     0     0.033262     244.702057     244.701324     244.593894
62000      18.000000     2     0.032942     244.697014     244.702557     244.751487
63000      19.000000     0     0.032613     244.702065     244.701324     244.593894
64000      18.000000     2     0.032282     244.697014     244.702557     244.751485
65000      19.000000     0     0.031944     244.702073     244.701324     244.593894
66000      18.000000     2     0.031604     244.697014     244.702557     244.751484
67000      19.000000     0     0.031259     244.702082     244.701324     244.593894
68000      18.000000     2     0.030911     244.697014     244.702557     244.751482
69000      19.000000     0     0.030560     244.702090     244.701324     244.593894
70000      18.000000     2     0.030207     244.697014     244.702557     244.751480
71000      19.000000     0     0.029851     244.702098     244.701324     244.593894
72000      18.000000     2     0.029494     244.697014     244.702557     244.751478
73000      19.000000     0     0.029135     244.702106     244.701324     244.593894
74000      18.000000     2     0.028774     244.697014     244.702557     244.751476
75000      19.000000     0     0.028412     244.702113     244.701324     244.593894
76000      18.000000     2     0.028049     244.697014     244.702557     244.751474
77000      19.000000     0     0.027684     244.702121     244.701324     244.593894
78000      18.000000     2     0.027319     244.697014     244.702557     244.751472
79000      19.000000     0     0.026952     244.702129     244.701324     244.593894
80000      18.000000     2     0.026583     244.697014     244.702557     244.751470
81000      19.000000     0     0.026214     244.702136     244.701324     244.593894
82000      18.000000     2     0.025842     244.697014     244.702557     244.751467
83000      19.000000     0     0.025470     244.702144     244.701324     244.593894
84000      18.000000     2     0.025095     244.697014     244.702557     244.751465
85000      19.000000     0     0.024719     244.702152     244.701324     244.593894
86000      18.000000     2     0.024341     244.697014     244.702557     244.751463
87000      19.000000     0     0.023961     244.702159     244.701324     244.593894
88000      18.000000     2     0.023578     244.697014     244.702557     244.751460
89000      19.000000     0     0.023195     244.702166     244.701324     244.593894
90000      18.000000     2     0.022808     244.697014     244.702557     244.751457
91000      19.000000     0     0.022421     244.702173     244.701324     244.593894
92000      18.000000     2     0.022030     244.697014     244.702557     244.751455
93000      19.000000     0     0.021638     244.702181     244.701324     244.593894
94000      18.000000     2     0.021243     244.697014     244.702557     244.751452
95000      19.000000     0     0.020848     244.702188     244.701324     244.593894
96000      18.000000     2     0.020450     244.697014     244.702557     244.751449
97000      19.000000     0     0.020051     244.702195     244.701324     244.593894
98000      18.000000     2     0.019649     244.697014     244.702557     244.751446
99000      19.000000     0     0.019248     244.702202     244.701324     244.593894
100000      18.000000     2     0.018843     244.697014     244.702557     244.751443
101000      19.000000     0     0.018439     244.702209     244.701324     244.593894
102000      18.000000     2     0.018032     244.697014     244.702557     244.751440
103000      19.000000     0     0.017626     244.702215     244.701324     244.593894
104000      18.000000     2     0.017217     244.697014     244.702557     244.751437
105000      19.000000     0     0.016810     244.702222     244.701324     244.593894
106000      18.000000     2     0.016399     244.697014     244.702557     244.751434
107000      19.000000     0     0.015992     244.702229     244.701324     244.593894
108000      18.000000     2     0.015581     244.697014     244.702557     244.751431
109000      19.000000     0     0.015173     244.702235     244.701324     244.593894
110000      18.000000     0     0.014762     244.697014     244.702557     244.751427
111000      16.000000     0     0.014355     244.688943     244.684947     244.691446
112000      14.000000     2     0.013955     244.631247     244.635975     244.684933
113000      16.000000     2     0.013547     244.688944     244.684947     244.691446
114000      18.000000     2     0.013137     244.697015     244.702557     244.751427
115000      19.000000     2     0.012731     244.702236     244.701324     244.593894
116000      20.000000     0     0.012335     244.664551     244.479843     0.000000
117000      19.000000     0     0.011930     244.702236     244.701324     244.593902
118000      18.000000     2     0.011524     244.697015     244.702557     244.751413
119000      19.000000     0     0.011122     244.702242     244.701324     244.593902
120000      18.000000     2     0.010719     244.697015     244.702557     244.751409
121000      19.000000     1     0.010320     244.702248     244.701324     244.593902
122000      19.000000     0     0.009924     244.702248     244.701325     244.593902
123000      18.000000     2     0.009527     244.697015     244.702557     244.751405
124000      19.000000     0     0.009135     244.702254     244.701325     244.593902
125000      18.000000     2     0.008744     244.697015     244.702557     244.751401
126000      19.000000     0     0.008358     244.702260     244.701325     244.593902
127000      18.000000     2     0.007973     244.697015     244.702557     244.751397
128000      19.000000     0     0.007592     244.702266     244.701325     244.593902
129000      18.000000     2     0.007214     244.697015     244.702557     244.751393
130000      19.000000     0     0.006840     244.702271     244.701325     244.593902
131000      18.000000     2     0.006469     244.697015     244.702557     244.751389
132000      19.000000     0     0.006102     244.702277     244.701325     244.593902
133000      18.000000     2     0.005740     244.697015     244.702557     244.751385
134000      19.000000     0     0.005382     244.702283     244.701325     244.593902
135000      18.000000     2     0.005030     244.697015     244.702557     244.751380
136000      19.000000     0     0.004681     244.702288     244.701325     244.593902
137000      18.000000     2     0.004339     244.697015     244.702557     244.751376
138000      19.000000     0     0.004001     244.702293     244.701325     244.593902
139000      18.000000     2     0.003672     244.697015     244.702557     244.751372
140000      19.000000     0     0.003346     244.702299     244.701325     244.593902
141000      18.000000     2     0.003031     244.697015     244.702557     244.751367
142000      19.000000     0     0.002719     244.702304     244.701325     244.593902
143000      18.000000     2     0.002419     244.697015     244.702557     244.751362
144000      19.000000     0     0.002123     244.702309     244.701325     244.593902
145000      18.000000     2     0.001843     244.697015     244.702557     244.751358
146000      19.000000     0     0.001565     244.702314     244.701325     244.593902
147000      18.000000     2     0.001306     244.697015     244.702557     244.751353
148000      19.000000     0     0.001050     244.702319     244.701325     244.593902
149000      18.000000     2     0.000817     244.697015     244.702557     244.751348
150000      19.000000     0     0.000587     244.702324     244.701325     244.593902
151000      18.000000     2     0.000383     244.697015     244.702557     244.751343
152000      19.000000     0     0.000183     244.702329     244.701325     244.593902
153000      18.000000     2     0.000015     244.697015     244.702557     244.751339
154000      19.000000     0     0.000000     244.702334     244.701325     244.593902
155000      18.000000     1     0.000000     244.697015     244.702557     244.751334
156000      18.000000     2     0.000000     244.697015     244.702562     244.751334
157000      19.000000     0     0.000000     244.702334     244.701325     244.593902
158000      18.000000     2     0.000000     244.697015     244.702562     244.751329
159000      19.000000     0     0.000000     244.702339     244.701325     244.593902
160000      18.000000     2     0.000013     244.697015     244.702562     244.751324
161000      19.000000     0     0.000031     244.702344     244.701325     244.593902
162000      18.000000     2     0.000118     244.697015     244.702562     244.751319
163000      19.000000     0     0.000212     244.702349     244.701325     244.593902
164000      18.000000     2     0.000388     244.697015     244.702562     244.751314
165000      19.000000     0     0.000571     244.702354     244.701325     244.593902
166000      18.000000     2     0.000852     244.697015     244.702562     244.751309
167000      19.000000     0     0.001141     244.702359     244.701325     244.593902
168000      18.000000     2     0.001544     244.697015     244.702562     244.751304
169000      19.000000     0     0.001954     244.702364     244.701325     244.593902
170000      18.000000     2     0.002496     244.697015     244.702562     244.751300
171000      19.000000     0     0.003045     244.702369     244.701325     244.593902
172000      18.000000     2     0.003744     244.697015     244.702562     244.751295
173000      19.000000     0     0.004445     244.702374     244.701325     244.593902
174000      18.000000     2     0.005317     244.697015     244.702562     244.751291
175000      19.000000     0     0.006184     244.702379     244.701325     244.593902
176000      18.000000     2     0.007238     244.697015     244.702562     244.751286
177000      19.000000     0     0.008279     244.702385     244.701325     244.593902
178000      18.000000     2     0.009520     244.697015     244.702562     244.751282
179000      19.000000     0     0.010733     244.702391     244.701325     244.593902
180000      18.000000     2     0.012158     244.697015     244.702562     244.751278
181000      19.000000     0     0.013535     244.702397     244.701325     244.593902
182000      18.000000     2     0.015126     244.697015     244.702562     244.751274
183000      19.000000     0     0.016648     244.702403     244.701325     244.593902
184000      18.000000     2     0.018381     244.697015     244.702562     244.751271
185000      19.000000     0     0.020018     244.702409     244.701325     244.593902
186000      18.000000     2     0.021857     244.697015     244.702562     244.751268
187000      19.000000     0     0.023573     244.702416     244.701325     244.593902
188000      18.000000     0     0.025475     244.697015     244.702562     244.751265
189000      16.000000     2     0.027229     244.688944     244.684947     244.691453
190000      18.000000     2     0.029147     244.697017     244.702562     244.751265
191000      19.000000     0     0.030896     244.702418     244.701325     244.593902
192000      18.000000     2     0.032786     244.697017     244.702562     244.751263
193000      19.000000     0     0.034490     244.702426     244.701325     244.593902
194000      18.000000     2     0.036313     244.697017     244.702562     244.751262
195000      19.000000     0     0.037938     244.702434     244.701325     244.593902
196000      18.000000     2     0.039661     244.697017     244.702562     244.751260
197000      19.000000     0     0.041180     244.702443     244.701325     244.593902
198000      18.000000     2     0.042779     244.697017     244.702562     244.751260
199000      19.000000     2     0.044176     244.702452     244.701325     244.593902
200000      20.000000     0     0.045247     244.664556     244.479843     0.000000
201000      19.000000     0     0.046492     244.702452     244.701325     244.593914
202000      18.000000     2     0.047792     244.697017     244.702562     244.751248
203000      19.000000     0     0.048908     244.702462     244.701325     244.593914
204000      18.000000     2     0.050069     244.697017     244.702562     244.751248
205000      19.000000     0     0.051058     244.702471     244.701325     244.593914
206000      18.000000     2     0.052084     244.697017     244.702562     244.751248
207000      19.000000     1     0.052950     244.702481     244.701325     244.593914
208000      19.000000     0     0.053759     244.702481     244.701330     244.593914
209000      18.000000     2     0.054597     244.697017     244.702562     244.751248
210000      19.000000     0     0.055296     244.702492     244.701330     244.593914
211000      18.000000     2     0.056020     244.697017     244.702562     244.751249
212000      19.000000     0     0.056617     244.702502     244.701330     244.593914
213000      18.000000     2     0.057238     244.697017     244.702562     244.751250
214000      19.000000     0     0.057745     244.702513     244.701330     244.593914
215000      18.000000     2     0.058273     244.697017     244.702562     244.751250
216000      19.000000     0     0.058697     244.702523     244.701330     244.593914
217000      18.000000     2     0.059142     244.697017     244.702562     244.751251
218000      19.000000     0     0.059495     244.702534     244.701330     244.593914
219000      18.000000     2     0.059867     244.697017     244.702562     244.751252
220000      19.000000     0     0.060155     244.702545     244.701330     244.593914
221000      18.000000     2     0.060463     244.697017     244.702562     244.751254
222000      19.000000     0     0.060695     244.702556     244.701330     244.593914
223000      18.000000     2     0.060947     244.697017     244.702562     244.751255
224000      19.000000     0     0.061131     244.702567     244.701330     244.593914
225000      18.000000     2     0.061333     244.697017     244.702562     244.751256
226000      19.000000     0     0.061475     244.702578     244.701330     244.593914
227000      18.000000     2     0.061635     244.697017     244.702562     244.751257
228000      19.000000     0     0.061740     244.702589     244.701330     244.593914
229000      18.000000     2     0.061865     244.697017     244.702562     244.751259
230000      19.000000     0     0.061939     244.702600     244.701330     244.593914
231000      18.000000     2     0.062033     244.697017     244.702562     244.751260
232000      19.000000     0     0.062081     244.702611     244.701330     244.593914
233000      18.000000     2     0.062148     244.697017     244.702562     244.751261
234000      19.000000     0     0.062175     244.702622     244.701330     244.593914
235000      18.000000     2     0.062221     244.697017     244.702562     244.751263
236000      19.000000     0     0.062230     244.702633     244.701330     244.593914
237000      18.000000     2     0.062259     244.697017     244.702562     244.751264
238000      19.000000     0     0.062254     244.702644     244.701330     244.593914
239000      18.000000     2     0.062270     244.697017     244.702562     244.751265
240000      19.000000     0     0.062254     244.702655     244.701330     244.593914
241000      18.000000     2     0.062261     244.697017     244.702562     244.751267
242000      19.000000     0     0.062238     244.702666     244.701330     244.593914
243000      18.000000     2     0.062240     244.697017     244.702562     244.751268
244000      19.000000     0     0.062213     244.702677     244.701330     244.593914
245000      18.000000     2     0.062212     244.697017     244.702562     244.751269
246000      19.000000     0     0.062185     244.702688     244.701330     244.593914
247000      18.000000     1     0.062186     244.697017     244.702562     244.751271
248000      18.000000     2     0.062190     244.697017     244.702573     244.751271
249000      19.000000     0     0.062169     244.702694     244.701330     244.593914
250000      18.000000     2     0.062180     244.697017     244.702573     244.751272
251000      19.000000     0     0.062168     244.702706     244.701330     244.593914
252000      18.000000     2     0.062189     244.697017     244.702573     244.751273
253000      19.000000     0     0.062189     244.702717     244.701330     244.593914
254000      18.000000     2     0.062226     244.697017     244.702573     244.751275
255000      19.000000     0     0.062243     244.702728     244.701330     244.593914
256000      18.000000     2     0.062300     244.697017     244.702573     244.751276
257000      19.000000     0     0.062337     244.702739     244.701330     244.593914
258000      18.000000     2     0.062419     244.697017     244.702573     244.751278
259000      19.000000     0     0.062483     244.702750     244.701330     244.593914
260000      18.000000     2     0.062596     244.697017     244.702573     244.751279
261000      19.000000     0     0.062691     244.702761     244.701330     244.593914
262000      18.000000     2     0.062842     244.697017     244.702573     244.751280
263000      19.000000     0     0.062975     244.702772     244.701330     244.593914
264000      18.000000     2     0.063171     244.697017     244.702573     244.751282
265000      19.000000     0     0.063350     244.702783     244.701330     244.593914
266000      18.000000     2     0.063599     244.697017     244.702573     244.751283
267000      19.000000     0     0.063832     244.702794     244.701330     244.593914
268000      18.000000     2     0.064144     244.697017     244.702573     244.751285
269000      19.000000     0     0.064440     244.702806     244.701330     244.593914
270000      18.000000     2     0.064825     244.697017     244.702573     244.751286
271000      19.000000     0     0.065195     244.702817     244.701330     244.593914
272000      18.000000     2     0.065665     244.697017     244.702573     244.751288
273000      19.000000     0     0.066119     244.702828     244.701330     244.593914
274000      18.000000     2     0.066688     244.697017     244.702573     244.751290
275000      19.000000     0     0.067240     244.702840     244.701330     244.593914
276000      18.000000     2     0.067921     244.697017     244.702573     244.751292
277000      19.000000     0     0.068584     244.702851     244.701330     244.593914
278000      18.000000     2     0.069392     244.697017     244.702573     244.751293
279000      19.000000     0     0.070180     244.702863     244.701330     244.593914
280000      18.000000     2     0.071130     244.697017     244.702573     244.751296
281000      19.000000     2     0.072058     244.702875     244.701330     244.593914
282000      20.000000     0     0.072857     244.664565     244.479843     0.000000
283000      19.000000     0     0.073893     244.702875     244.701330     244.593928
284000      18.000000     2     0.075125     244.697017     244.702573     244.751287
285000      19.000000     0     0.076327     244.702887     244.701330     244.593928
286000      18.000000     2     0.077742     244.697017     244.702573     244.751290
287000      19.000000     0     0.079120     244.702900     244.701330     244.593928
288000      18.000000     2     0.080729     244.697017     244.702573     244.751293
289000      19.000000     0     0.082290     244.702912     244.701330     244.593928
290000      18.000000     2     0.084098     244.697017     244.702573     244.751296
291000      19.000000     0     0.085845     244.702925     244.701330     244.593928
292000      18.000000     2     0.087852     244.697017     244.702573     244.751299
293000      19.000000     0     0.089781     244.702939     244.701330     244.593928
294000      18.000000     2     0.091979     244.697017     244.702573     244.751303
295000      19.000000     2     0.094081     244.702953     244.701330     244.593928
296000      20.000000     0     0.095876     244.664576     244.479843     0.000000
297000      19.000000     0     0.098061     244.702953     244.701330     244.593944
298000      18.000000     2     0.100480     244.697017     244.702573     244.751297
299000      19.000000     0     0.102801     244.702967     244.701330     244.593944
300000      18.000000     2     0.105317     244.697017     244.702573     244.751302
301000      19.000000     0     0.107721     244.702982     244.701330     244.593944
302000      18.000000     2     0.110316     244.697017     244.702573     244.751308
303000      19.000000     0     0.112786     244.702998     244.701330     244.593944
304000      18.000000     2     0.115446     244.697017     244.702573     244.751314
305000      19.000000     0     0.117967     244.703014     244.701330     244.593944
306000      18.000000     2     0.120675     244.697017     244.702573     244.751321
307000      19.000000     0     0.123237     244.703031     244.701330     244.593944
308000      18.000000     2     0.125981     244.697017     244.702573     244.751328
309000      19.000000     0     0.128573     244.703048     244.701330     244.593944
310000      18.000000     2     0.131345     244.697017     244.702573     244.751336
311000      19.000000     0     0.133960     244.703066     244.701330     244.593944
312000      18.000000     2     0.136755     244.697017     244.702573     244.751344
313000      19.000000     0     0.139391     244.703084     244.701330     244.593944
314000      18.000000     2     0.142208     244.697017     244.702573     244.751353
315000      19.000000     0     0.144866     244.703103     244.701330     244.593944
316000      18.000000     2     0.147709     244.697017     244.702573     244.751362
317000      19.000000     0     0.150393     244.703122     244.701330     244.593944
318000      18.000000     2     0.153270     244.697017     244.702573     244.751372
319000      19.000000     0     0.155990     244.703142     244.701330     244.593944
320000      18.000000     2     0.158911     244.697017     244.702573     244.751383
321000      19.000000     0     0.161679     244.703162     244.701330     244.593944
322000      18.000000     2     0.164660     244.697017     244.702573     244.751394
323000      19.000000     0     0.167492     244.703183     244.701330     244.593944
324000      18.000000     2     0.170551     244.697017     244.702573     244.751405
325000      19.000000     0     0.173468     244.703205     244.701330     244.593944
326000      18.000000     2     0.176629     244.697017     244.702573     244.751418
327000      19.000000     0     0.179652     244.703227     244.701330     244.593944
328000      18.000000     2     0.182942     244.697017     244.702573     244.751430
329000      19.000000     0     0.186099     244.703250     244.701330     244.593944
330000      18.000000     2     0.189548     244.697017     244.702573     244.751444
331000      19.000000     0     0.192868     244.703273     244.701330     244.593944
332000      18.000000     2     0.196511     244.697017     244.702573     244.751458
333000      19.000000     2     0.200029     244.703297     244.701330     244.593944
334000      20.000000     0     0.203153     244.664589     244.479843     0.000000
335000      19.000000     0     0.206783     244.703297     244.701330     244.593971
336000      18.000000     2     0.210810     244.697017     244.702573     244.751462
337000      19.000000     0     0.214736     244.703323     244.701330     244.593971
338000      18.000000     2     0.219103     244.697017     244.702573     244.751478
339000      19.000000     0     0.223367     244.703349     244.701330     244.593971
340000      18.000000     2     0.228120     244.697017     244.702573     244.751495
341000      19.000000     0     0.232763     244.703376     244.701330     244.593971
342000      18.000000     2     0.237945     244.697017     244.702573     244.751513
343000      19.000000     0     0.243004     244.703404     244.701330     244.593971
344000      18.000000     2     0.248649     244.697017     244.702573     244.751532
345000      19.000000     0     0.254150     244.703433     244.701330     244.593971
346000      18.000000     2     0.260278     244.697017     244.702573     244.751552
347000      19.000000     0     0.266233     244.703464     244.701330     244.593971
348000      18.000000     2     0.272847     244.697017     244.702573     244.751574
349000      19.000000     1     0.279248     244.703495     244.701330     244.593971
350000      19.000000     1     0.285854     244.703495     244.701358     244.593971
351000      19.000000     0     0.292660     244.703495     244.701387     244.593971
352000      18.000000     2     0.300158     244.697017     244.702573     244.751596
353000      19.000000     0     0.307342     244.703529     244.701387     244.593971
354000      18.000000     2     0.315205     244.697017     244.702573     244.751621
355000      19.000000     0     0.322685     244.703565     244.701387     244.593971
356000      18.000000     2     0.330812     244.697017     244.702573     244.751648
357000      19.000000     0     0.338483     244.703602     244.701387     244.593971
358000      18.000000     2     0.346752     244.697017     244.702573     244.751676
359000      19.000000     0     0.354494     244.703640     244.701387     244.593971
360000      18.000000     2     0.362771     244.697017     244.702573     244.751706
361000      19.000000     0     0.370456     244.703681     244.701387     244.593971
362000      18.000000     2     0.378603     244.697017     244.702573     244.751737
363000      19.000000     0     0.386102     244.703722     244.701387     244.593971
364000      18.000000     2     0.393981     244.697017     244.702573     244.751770
365000      19.000000     0     0.401172     244.703766     244.701387     244.593971
366000      18.000000     2     0.408658     244.697017     244.702573     244.751805
367000      19.000000     0     0.415428     244.703811     244.701387     244.593971
368000      18.000000     2     0.422409     244.697017     244.702573     244.751841
369000      19.000000     0     0.428664     244.703857     244.701387     244.593971
370000      18.000000     2     0.435048     244.697017     244.702573     244.751879
371000      19.000000     0     0.440714     244.703905     244.701387     244.593971
372000      18.000000     2     0.446433     244.697017     244.702573     244.751917
373000      19.000000     0     0.451457     244.703954     244.701387     244.593971
374000      18.000000     2     0.456467     244.697017     244.702573     244.751957
375000      19.000000     0     0.460822     244.704004     244.701387     244.593971
376000      18.000000     2     0.465110     244.697017     244.702573     244.751998
377000      19.000000     1     0.468793     244.704055     244.701387     244.593971
378000      19.000000     0     0.472153     244.704055     244.701434     244.593971
379000      18.000000     2     0.475388     244.697017     244.702573     244.752039
380000      19.000000     0     0.478115     244.704107     244.701434     244.593971
381000      18.000000     2     0.480694     244.697017     244.702573     244.752082
382000      19.000000     0     0.482837     244.704159     244.701434     244.593971
383000      18.000000     2     0.484823     244.697017     244.702573     244.752125
384000      19.000000     0     0.486448     244.704212     244.701434     244.593971
385000      18.000000     2     0.487916     244.697017     244.702573     244.752169
386000      19.000000     0     0.489096     244.704266     244.701434     244.593971
387000      18.000000     2     0.490127     244.697017     244.702573     244.752213
388000      19.000000     2     0.490939     244.704319     244.701434     244.593971
389000      20.000000     0     0.491556     244.664613     244.479843     0.000000
390000      19.000000     0     0.492075     244.704319     244.701434     244.594028
391000      18.000000     2     0.492478     244.697017     244.702573     244.752246
392000      19.000000     0     0.492780     244.704373     244.701434     244.594028
393000      18.000000     2     0.492984     244.697017     244.702573     244.752291
394000      19.000000     0     0.493130     244.704427     244.701434     244.594028
395000      18.000000     2     0.493196     244.697017     244.702573     244.752335
396000      19.000000     0     0.493238     244.704482     244.701434     244.594028
397000      18.000000     2     0.493216     244.697017     244.702573     244.752380
398000      19.000000     0     0.493196     244.704536     244.701434     244.594028
399000      18.000000     2     0.493128     244.697017     244.702573     244.752424
400000      19.000000     0     0.493081     244.704590     244.701434     244.594028
401000      18.000000     2     0.492997     244.697017     244.702573     244.752469
402000      19.000000     0     0.492946     244.704644     244.701434     244.594028
403000      18.000000     2     0.492870     244.697017     244.702573     244.752513
404000      19.000000     0     0.492834     244.704698     244.701434     244.594028
405000      18.000000     2     0.492781     244.697017     244.702573     244.752558
406000      19.000000     0     0.492771     244.704752     244.701434     244.594028
407000      18.000000     2     0.492750     244.697017     244.702573     244.752602
408000      19.000000     0     0.492773     244.704806     244.701434     244.594028
409000      18.000000     2     0.492790     244.697017     244.702573     244.752647
410000      19.000000     0     0.492849     244.704860     244.701434     244.594028
411000      18.000000     2     0.492904     244.697017     244.702573     244.752691
412000      19.000000     0     0.493000     244.704914     244.701434     244.594028
413000      18.000000     2     0.493094     244.697017     244.702573     244.752736
414000      19.000000     0     0.493225     244.704968     244.701434     244.594028
415000      18.000000     2     0.493355     244.697017     244.702573     244.752780
416000      19.000000     0     0.493519     244.705022     244.701434     244.594028
417000      18.000000     2     0.493682     244.697017     244.702573     244.752825
418000      19.000000     0     0.493791     244.705077     244.701434     244.594028
419000      18.000000     2     0.493878     244.697017     244.702573     244.752870
420000      19.000000     0     0.493890     244.705131     244.701434     244.594028
421000      18.000000     2     0.493885     244.697017     244.702573     244.752914
422000      19.000000     0     0.493819     244.705185     244.701434     244.594028
423000      18.000000     0     0.493740     244.697017     244.702573     244.752959
424000      16.000000     2     0.493613     244.688944     244.684947     244.691462
425000      18.000000     2     0.493476     244.697066     244.702573     244.752959
426000      19.000000     2     0.493300     244.705233     244.701434     244.594028
427000      20.000000     0     0.493077     244.664666     244.479843     0.000000
428000      19.000000     0     0.492864     244.705233     244.701434     244.594084
429000      18.000000     2     0.492646     244.697066     244.702573     244.752992
430000      19.000000     0     0.492402     244.705287     244.701434     244.594084
431000      18.000000     2     0.492154     244.697066     244.702573     244.753037
432000      19.000000     0     0.491885     244.705341     244.701434     244.594084
433000      18.000000     2     0.491613     244.697066     244.702573     244.753081
434000      19.000000     0     0.491325     244.705395     244.701434     244.594084
435000      18.000000     2     0.491033     244.697066     244.702573     244.753126
436000      19.000000     0     0.490729     244.705449     244.701434     244.594084
437000      18.000000     2     0.490423     244.697066     244.702573     244.753170
438000      19.000000     0     0.490107     244.705503     244.701434     244.594084
439000      18.000000     2     0.489789     244.697066     244.702573     244.753214
440000      19.000000     0     0.489462     244.705557     244.701434     244.594084
441000      18.000000     2     0.489135     244.697066     244.702573     244.753258
442000      19.000000     1     0.488801     244.705611     244.701434     244.594084
443000      19.000000     0     0.488464     244.705611     244.701483     244.594084
444000      18.000000     2     0.488126     244.697066     244.702573     244.753302
445000      19.000000     0     0.487784     244.705664     244.701483     244.594084
446000      18.000000     2     0.487442     244.697066     244.702573     244.753346
447000      19.000000     0     0.487095     244.705718     244.701483     244.594084
448000      18.000000     2     0.486750     244.697066     244.702573     244.753390
449000      19.000000     0     0.486402     244.705771     244.701483     244.594084
450000      18.000000     2     0.486054     244.697066     244.702573     244.753434
451000      19.000000     0     0.485705     244.705825     244.701483     244.594084
452000      18.000000     2     0.485357     244.697066     244.702573     244.753478
453000      19.000000     0     0.485008     244.705878     244.701483     244.594084
454000      18.000000     2     0.484661     244.697066     244.702573     244.753522
455000      19.000000     0     0.484313     244.705931     244.701483     244.594084
456000      18.000000     0     0.483969     244.697066     244.702573     244.753565
457000      16.000000     2     0.483624     244.688944     244.684947     244.691517
458000      18.000000     2     0.483283     244.697114     244.702573     244.753565
459000      19.000000     0     0.482942     244.705979     244.701483     244.594084
460000      18.000000     2     0.482608     244.697114     244.702573     244.753609
461000      19.000000     0     0.482273     244.706032     244.701483     244.594084
462000      18.000000     2     0.481946     244.697114     244.702573     244.753652
463000      19.000000     0     0.481619     244.706085     244.701483     244.594084
464000      18.000000     2     0.481302     244.697114     244.702573     244.753696
465000      19.000000     0     0.480986     244.706138     244.701483     244.594084
466000      18.000000     2     0.480682     244.697114     244.702573     244.753739
467000      19.000000     0     0.480380     244.706191     244.701483     244.594084
468000      18.000000     2     0.480093     244.697114     244.702573     244.753783
469000      19.000000     0     0.479808     244.706244     244.701483     244.594084
470000      18.000000     2     0.479543     244.697114     244.702573     244.753826
471000      19.000000     0     0.479281     244.706296     244.701483     244.594084
472000      18.000000     2     0.479043     244.697114     244.702573     244.753869
473000      19.000000     0     0.478810     244.706349     244.701483     244.594084
474000      18.000000     2     0.478608     244.697114     244.702573     244.753912
475000      19.000000     0     0.478412     244.706402     244.701483     244.594084
476000      18.000000     2     0.478254     244.697114     244.702573     244.753955
477000      19.000000     0     0.478100     244.706454     244.701483     244.594084
478000      18.000000     2     0.477842     244.697114     244.702573     244.753998
479000      19.000000     0     0.477534     244.706507     244.701483     244.594084
480000      18.000000     2     0.477059     244.697114     244.702573     244.754041
481000      19.000000     0     0.476514     244.706559     244.701483     244.594084
482000      18.000000     0     0.475740     244.697114     244.702573     244.754084
483000      16.000000     2     0.474872     244.688944     244.684947     244.691572
484000      18.000000     2     0.473694     244.697161     244.702573     244.754084
485000      19.000000     0     0.472388     244.706606     244.701483     244.594084
486000      18.000000     2     0.470663     244.697161     244.702573     244.754127
487000      19.000000     0     0.468769     244.706658     244.701483     244.594084
488000      18.000000     2     0.466316     244.697161     244.702573     244.754169
489000      19.000000     0     0.463647     244.706710     244.701483     244.594084
490000      18.000000     2     0.460243     244.697161     244.702573     244.754211
491000      19.000000     0     0.456574     244.706761     244.701483     244.594084
492000      18.000000     2     0.451967     244.697161     244.702573     244.754253
493000      19.000000     0     0.447056     244.706811     244.701483     244.594084
494000      18.000000     2     0.440984     244.697161     244.702573     244.754293
495000      19.000000     0     0.434604     244.706861     244.701483     244.594084
496000      18.000000     2     0.426853     244.697161     244.702573     244.754332
497000      19.000000     0     0.418848     244.706909     244.701483     244.594084
498000      18.000000     2     0.409318     244.697161     244.702573     244.754370
499000      19.000000     0     0.399678     244.706955     244.701483     244.594084
500000      18.000000     2     0.388463     244.697161     244.702573     244.754406
501000      19.000000     0     0.377384     244.707000     244.701483     244.594084
502000      18.000000     2     0.364820     244.697161     244.702573     244.754441
503000      19.000000     0     0.352729     244.707043     244.701483     244.594084
504000      18.000000     2     0.339381     244.697161     244.702573     244.754472
505000      19.000000     0     0.326881     244.707083     244.701483     244.594084
506000      18.000000     2     0.313450     244.697161     244.702573     244.754501
507000      19.000000     0     0.301203     244.707120     244.701483     244.594084
508000      18.000000     0     0.288379     244.697161     244.702573     244.754528
509000      16.000000     2     0.276977     244.688944     244.684947     244.691625
510000      18.000000     2     0.265310     244.697189     244.702573     244.754528
511000      19.000000     0     0.255168     244.707149     244.701483     244.594084
512000      18.000000     2     0.244996     244.697189     244.702573     244.754550
513000      19.000000     0     0.236325     244.707179     244.701483     244.594084
514000      18.000000     2     0.227773     244.697189     244.702573     244.754570
515000      19.000000     0     0.220604     244.707208     244.701483     244.594084
516000      18.000000     2     0.213632     244.697189     244.702573     244.754588
517000      19.000000     0     0.207872     244.707235     244.701483     244.594084
518000      18.000000     2     0.202335     244.697189     244.702573     244.754604
519000      19.000000     0     0.197822     244.707260     244.701483     244.594084
520000      18.000000     2     0.193526     244.697189     244.702573     244.754620
521000      19.000000     0     0.190074     244.707285     244.701483     244.594084
522000      18.000000     2     0.186818     244.697189     244.702573     244.754634
523000      19.000000     0     0.184240     244.707308     244.701483     244.594084
524000      18.000000     2     0.181832     244.697189     244.702573     244.754648
525000      19.000000     0     0.179962     244.707332     244.701483     244.594084
526000      18.000000     2     0.178234     244.697189     244.702573     244.754662
527000      19.000000     2     0.176926     244.707354     244.701483     244.594084
528000      20.000000     0     0.176091     244.664720     244.479843     0.000000
529000      19.000000     0     0.175206     244.707354     244.701483     244.594109
530000      18.000000     2     0.174417     244.697189     244.702573     244.754664
531000      19.000000     0     0.173879     244.707376     244.701483     244.594109
532000      18.000000     2     0.173396     244.697189     244.702573     244.754676
533000      19.000000     0     0.172944     244.707399     244.701483     244.594109
534000      18.000000     2     0.172497     244.697189     244.702573     244.754689
535000      19.000000     0     0.172063     244.707421     244.701483     244.594109
536000      18.000000     2     0.171633     244.697189     244.702573     244.754701
537000      19.000000     0     0.171214     244.707443     244.701483     244.594109
538000      18.000000     2     0.170798     244.697189     244.702573     244.754714
539000      19.000000     0     0.170390     244.707464     244.701483     244.594109
540000      18.000000     2     0.169985     244.697189     244.702573     244.754726
541000      19.000000     0     0.169585     244.707486     244.701483     244.594109
542000      18.000000     2     0.169188     244.697189     244.702573     244.754739
543000      19.000000     0     0.168796     244.707508     244.701483     244.594109
544000      18.000000     2     0.168406     244.697189     244.702573     244.754751
545000      19.000000     1     0.168021     244.707529     244.701483     244.594109
546000      19.000000     1     0.167639     244.707529     244.701500     244.594109
547000      19.000000     0     0.167261     244.707529     244.701518     244.594109
548000      18.000000     2     0.166888     244.697189     244.702573     244.754762
549000      19.000000     0     0.166520     244.707551     244.701518     244.594109
550000      18.000000     2     0.166160     244.697189     244.702573     244.754774
551000      19.000000     0     0.165788     244.707572     244.701518     244.594109
552000      18.000000     2     0.165412     244.697189     244.702573     244.754786
553000      19.000000     0     0.165037     244.707594     244.701518     244.594109
554000      18.000000     2     0.164661     244.697189     244.702573     244.754798
555000      19.000000     0     0.164286     244.707615     244.701518     244.594109
556000      18.000000     2     0.163911     244.697189     244.702573     244.754810
557000      19.000000     2     0.163535     244.707636     244.701518     244.594109
558000      20.000000     0     0.163161     244.664742     244.479843     0.000000
559000      19.000000     0     0.162785     244.707636     244.701518     244.594132
560000      18.000000     2     0.162410     244.697189     244.702573     244.754810
561000      19.000000     0     0.162034     244.707657     244.701518     244.594132
562000      18.000000     2     0.161659     244.697189     244.702573     244.754821
563000      19.000000     0     0.161282     244.707678     244.701518     244.594132
564000      18.000000     2     0.160907     244.697189     244.702573     244.754833
565000      19.000000     0     0.160530     244.707699     244.701518     244.594132
566000      18.000000     2     0.160154     244.697189     244.702573     244.754844
567000      19.000000     0     0.159776     244.707719     244.701518     244.594132
568000      18.000000     2     0.159400     244.697189     244.702573     244.754856
569000      19.000000     0     0.159022     244.707740     244.701518     244.594132
570000      18.000000     2     0.158644     244.697189     244.702573     244.754867
571000      19.000000     0     0.158265     244.707761     244.701518     244.594132
572000      18.000000     2     0.157887     244.697189     244.702573     244.754878
573000      19.000000     0     0.157507     244.707781     244.701518     244.594132
574000      18.000000     2     0.157127     244.697189     244.702573     244.754889
575000      19.000000     0     0.156746     244.707802     244.701518     244.594132
576000      18.000000     2     0.156365     244.697189     244.702573     244.754900
577000      19.000000     0     0.155983     244.707822     244.701518     244.594132
578000      18.000000     2     0.155601     244.697189     244.702573     244.754911
579000      19.000000     0     0.155217     244.707842     244.701518     244.594132
580000      18.000000     2     0.154833     244.697189     244.702573     244.754922
581000      19.000000     0     0.154448     244.707863     244.701518     244.594132
582000      18.000000     2     0.154062     244.697189     244.702573     244.754933
583000      19.000000     0     0.153676     244.707883     244.701518     244.594132
584000      18.000000     2     0.153288     244.697189     244.702573     244.754943
585000      19.000000     0     0.152900     244.707903     244.701518     244.594132
586000      18.000000     2     0.152511     244.697189     244.702573     244.754954
587000      19.000000     0     0.152120     244.707923     244.701518     244.594132
588000      18.000000     2     0.151729     244.697189     244.702573     244.754965
589000      19.000000     0     0.151337     244.707943     244.701518     244.594132
590000      18.000000     2     0.150943     244.697189     244.702573     244.754975
591000      19.000000     0     0.150549     244.707963     244.701518     244.594132
592000      18.000000     2     0.150153     244.697189     244.702573     244.754985
593000      19.000000     0     0.149757     244.707982     244.701518     244.594132
594000      18.000000     2     0.149359     244.697189     244.702573     244.754996
595000      19.000000     0     0.148960     244.708002     244.701518     244.594132
596000      18.000000     2     0.148560     244.697189     244.702573     244.755006
597000      19.000000     0     0.148159     244.708022     244.701518     244.594132
598000      18.000000     2     0.147757     244.697189     244.702573     244.755016
599000      19.000000     0     0.147354     244.708041     244.701518     244.594132
600000      18.000000     2     0.146949     244.697189     244.702573     244.755026
601000      19.000000     0     0.146543     244.708061     244.701518     244.594132
602000      18.000000     2     0.146136     244.697189     244.702573     244.755036
603000      19.000000     0     0.145728     244.708080     244.701518     244.594132
604000      18.000000     2     0.145319     244.697189     244.702573     244.755046
605000      19.000000     0     0.144909     244.708099     244.701518     244.594132
606000      18.000000     2     0.144497     244.697189     244.702573     244.755056
607000      19.000000     0     0.144085     244.708118     244.701518     244.594132
608000      18.000000     2     0.143670     244.697189     244.702573     244.755066
609000      19.000000     0     0.143256     244.708138     244.701518     244.594132
610000      18.000000     2     0.142840     244.697189     244.702573     244.755075
611000      19.000000     0     0.142423     244.708157     244.701518     244.594132
612000      18.000000     2     0.142004     244.697189     244.702573     244.755085
613000      19.000000     0     0.141586     244.708176     244.701518     244.594132
614000      18.000000     2     0.141165     244.697189     244.702573     244.755094
615000      19.000000     0     0.140745     244.708194     244.701518     244.594132
616000      18.000000     2     0.140322     244.697189     244.702573     244.755104
617000      19.000000     0     0.139899     244.708213     244.701518     244.594132
618000      18.000000     2     0.139474     244.697189     244.702573     244.755113
619000      19.000000     0     0.139051     244.708232     244.701518     244.594132
620000      18.000000     2     0.138624     244.697189     244.702573     244.755122
621000      19.000000     0     0.138198     244.708250     244.701518     244.594132
622000      18.000000     2     0.137769     244.697189     244.702573     244.755132
623000      19.000000     0     0.137342     244.708269     244.701518     244.594132
624000      18.000000     2     0.136912     244.697189     244.702573     244.755141
625000      19.000000     0     0.136484     244.708287     244.701518     244.594132
626000      18.000000     2     0.136052     244.697189     244.702573     244.755150
627000      19.000000     0     0.135622     244.708306     244.701518     244.594132
628000      18.000000     2     0.135190     244.697189     244.702573     244.755159
629000      19.000000     0     0.134759     244.708324     244.701518     244.594132
630000      18.000000     2     0.134325     244.697189     244.702573     244.755168
631000      19.000000     0     0.133893     244.708342     244.701518     244.594132
632000      18.000000     2     0.133458     244.697189     244.702573     244.755176
633000      19.000000     0     0.133025     244.708360     244.701518     244.594132
634000      18.000000     2     0.132589     244.697189     244.702573     244.755185
635000      19.000000     0     0.132156     244.708378     244.701518     244.594132
636000      18.000000     2     0.131719     244.697189     244.702573     244.755194
637000      19.000000     0     0.131285     244.708396     244.701518     244.594132
638000      18.000000     2     0.130848     244.697189     244.702573     244.755202
639000      19.000000     0     0.130414     244.708414     244.701518     244.594132
640000      18.000000     2     0.129977     244.697189     244.702573     244.755210
641000      19.000000     0     0.129542     244.708432     244.701518     244.594132
642000      18.000000     2     0.129105     244.697189     244.702573     244.755219
643000      19.000000     0     0.128670     244.708449     244.701518     244.594132
644000      18.000000     2     0.128232     244.697189     244.702573     244.755227
645000      19.000000     0     0.127797     244.708467     244.701518     244.594132
646000      18.000000     2     0.127360     244.697189     244.702573     244.755235
647000      19.000000     0     0.126925     244.708484     244.701518     244.594132
648000      18.000000     2     0.126488     244.697189     244.702573     244.755243
649000      19.000000     0     0.126053     244.708502     244.701518     244.594132
650000      18.000000     2     0.125617     244.697189     244.702573     244.755251
651000      19.000000     0     0.125182     244.708519     244.701518     244.594132
652000      18.000000     2     0.124746     244.697189     244.702573     244.755259
653000      19.000000     0     0.124312     244.708536     244.701518     244.594132
654000      18.000000     2     0.123877     244.697189     244.702573     244.755267
655000      19.000000     0     0.123443     244.708553     244.701518     244.594132
656000      18.000000     2     0.123008     244.697189     244.702573     244.755275
657000      19.000000     0     0.122576     244.708570     244.701518     244.594132
658000      18.000000     2     0.122141     244.697189     244.702573     244.755282
659000      19.000000     0     0.121709     244.708587     244.701518     244.594132
660000      18.000000     2     0.121276     244.697189     244.702573     244.755290
661000      19.000000     0     0.120845     244.708604     244.701518     244.594132
662000      18.000000     2     0.120412     244.697189     244.702573     244.755297
663000      19.000000     0     0.119982     244.708621     244.701518     244.594132
664000      18.000000     2     0.119550     244.697189     244.702573     244.755305
665000      19.000000     0     0.119121     244.708637     244.701518     244.594132
666000      18.000000     2     0.118690     244.697189     244.702573     244.755312
667000      19.000000     0     0.118262     244.708654     244.701518     244.594132
668000      18.000000     2     0.117832     244.697189     244.702573     244.755319
669000      19.000000     0     0.117404     244.708670     244.701518     244.594132
670000      18.000000     2     0.116976     244.697189     244.702573     244.755326
671000      19.000000     0     0.116549     244.708687     244.701518     244.594132
672000      18.000000     2     0.116121     244.697189     244.702573     244.755333
673000      19.000000     0     0.115696     244.708703     244.701518     244.594132
674000      18.000000     2     0.115269     244.697189     244.702573     244.755340
675000      19.000000     0     0.114844     244.708719     244.701518     244.594132
676000      18.000000     2     0.114419     244.697189     244.702573     244.755347
677000      19.000000     0     0.113995     244.708736     244.701518     244.594132
678000      18.000000     2     0.113571     244.697189     244.702573     244.755354
679000      19.000000     0     0.113148     244.708752     244.701518     244.594132
680000      18.000000     0     0.112724     244.697189     244.702573     244.755360
681000      16.000000     2     0.112302     244.688944     244.684947     244.691659
682000      18.000000     2     0.111880     244.697200     244.702573     244.755360
683000      19.000000     0     0.111459     244.708762     244.701518     244.594132
684000      18.000000     2     0.111037     244.697200     244.702573     244.755367
685000      19.000000     0     0.110617     244.708778     244.701518     244.594132
686000      18.000000     2     0.110197     244.697200     244.702573     244.755373
687000      19.000000     0     0.109777     244.708793     244.701518     244.594132
688000      18.000000     2     0.109357     244.697200     244.702573     244.755380
689000      19.000000     0     0.108939     244.708809     244.701518     244.594132
690000      18.000000     2     0.108520     244.697200     244.702573     244.755386
691000      19.000000     0     0.108102     244.708824     244.701518     244.594132
692000      18.000000     2     0.107684     244.697200     244.702573     244.755392
693000      19.000000     0     0.107267     244.708840     244.701518     244.594132
694000      18.000000     2     0.106849     244.697200     244.702573     244.755398
695000      19.000000     0     0.106433     244.708855     244.701518     244.594132
696000      18.000000     2     0.106016     244.697200     244.702573     244.755404
697000      19.000000     0     0.105600     244.708871     244.701518     244.594132
698000      18.000000     2     0.105184     244.697200     244.702573     244.755410
699000      19.000000     0     0.104769     244.708886     244.701518     244.594132
700000      18.000000     2     0.104353     244.697200     244.702573     244.755416
701000      19.000000     0     0.103938     244.708901     244.701518     244.594132
702000      18.000000     2     0.103523     244.697200     244.702573     244.755422
703000      19.000000     0     0.103109     244.708916     244.701518     244.594132
704000      18.000000     2     0.102695     244.697200     244.702573     244.755428
705000      19.000000     0     0.102281     244.708931     244.701518     244.594132
706000      18.000000     2     0.101867     244.697200     244.702573     244.755433
707000      19.000000     0     0.101453     244.708946     244.701518     244.594132
708000      18.000000     2     0.101039     244.697200     244.702573     244.755439
709000      19.000000     0     0.100626     244.708961     244.701518     244.594132
710000      18.000000     2     0.100213     244.697200     244.702573     244.755444
711000      19.000000     0     0.099800     244.708975     244.701518     244.594132
712000      18.000000     2     0.099387     244.697200     244.702573     244.755450
713000      19.000000     0     0.098974     244.708990     244.701518     244.594132
714000      18.000000     2     0.098562     244.697200     244.702573     244.755455
715000      19.000000     0     0.098149     244.709005     244.701518     244.594132
716000      18.000000     2     0.097737     244.697200     244.702573     244.755460
717000      19.000000     0     0.097325     244.709019     244.701518     244.594132
718000      18.000000     2     0.096912     244.697200     244.702573     244.755465
719000      19.000000     0     0.096500     244.709033     244.701518     244.594132
720000      18.000000     2     0.096088     244.697200     244.702573     244.755470
721000      19.000000     0     0.095676     244.709048     244.701518     244.594132
722000      18.000000     2     0.095265     244.697200     244.702573     244.755475
723000      19.000000     0     0.094853     244.709062     244.701518     244.594132
724000      18.000000     2     0.094441     244.697200     244.702573     244.755480
725000      19.000000     0     0.094030     244.709076     244.701518     244.594132
726000      18.000000     2     0.093618     244.697200     244.702573     244.755485
727000      19.000000     1     0.093207     244.709090     244.701518     244.594132
728000      19.000000     0     0.092795     244.709090     244.701528     244.594132
729000      18.000000     2     0.092384     244.697200     244.702573     244.755489
730000      19.000000     0     0.091973     244.709104     244.701528     244.594132
731000      18.000000     2     0.091561     244.697200     244.702573     244.755494
732000      19.000000     0     0.091150     244.709118     244.701528     244.594132
733000      18.000000     2     0.090739     244.697200     244.702573     244.755498
734000      19.000000     0     0.090328     244.709132     244.701528     244.594132
735000      18.000000     2     0.089917     244.697200     244.702573     244.755503
736000      19.000000     0     0.089505     244.709145     244.701528     244.594132
737000      18.000000     2     0.089094     244.697200     244.702573     244.755507
738000      19.000000     0     0.088683     244.709159     244.701528     244.594132
739000      18.000000     2     0.088272     244.697200     244.702573     244.755511
740000      19.000000     0     0.087861     244.709172     244.701528     244.594132
741000      18.000000     2     0.087450     244.697200     244.702573     244.755515
742000      19.000000     1     0.087039     244.709186     244.701528     244.594132
743000      19.000000     0     0.086628     244.709186     244.701537     244.594132
744000      18.000000     2     0.086217     244.697200     244.702573     244.755519
745000      19.000000     0     0.085806     244.709199     244.701537     244.594132
746000      18.000000     2     0.085396     244.697200     244.702573     244.755523
747000      19.000000     0     0.084985     244.709212     244.701537     244.594132
748000      18.000000     2     0.084574     244.697200     244.702573     244.755527
749000      19.000000     0     0.084164     244.709225     244.701537     244.594132
750000      18.000000     2     0.083754     244.697200     244.702573     244.755530
751000      19.000000     0     0.083344     244.709238     244.701537     244.594132
752000      18.000000     2     0.082935     244.697200     244.702573     244.755534
753000      19.000000     0     0.082525     244.709251     244.701537     244.594132
754000      18.000000     2     0.082117     244.697200     244.702573     244.755538
755000      19.000000     0     0.081708     244.709264     244.701537     244.594132
756000      18.000000     2     0.081301     244.697200     244.702573     244.755541
757000      19.000000     0     0.080894     244.709277     244.701537     244.594132
758000      18.000000     2     0.080489     244.697200     244.702573     244.755545
759000      19.000000     0     0.080084     244.709290     244.701537     244.594132
760000      18.000000     2     0.079680     244.697200     244.702573     244.755548
761000      19.000000     0     0.079278     244.709302     244.701537     244.594132
762000      18.000000     2     0.078878     244.697200     244.702573     244.755552
763000      19.000000     0     0.078479     244.709315     244.701537     244.594132
764000      18.000000     2     0.078084     244.697200     244.702573     244.755555
765000      19.000000     0     0.077690     244.709327     244.701537     244.594132
766000      18.000000     2     0.077301     244.697200     244.702573     244.755558
767000      19.000000     0     0.076914     244.709340     244.701537     244.594132
768000      18.000000     2     0.076533     244.697200     244.702573     244.755561
769000      19.000000     2     0.076155     244.709352     244.701537     244.594132
770000      20.000000     0     0.075780     244.664762     244.479843     0.000000
771000      19.000000     0     0.075414     244.709352     244.701537     244.594147
772000      18.000000     2     0.075060     244.697200     244.702573     244.755553
773000      19.000000     0     0.074712     244.709364     244.701537     244.594147
774000      18.000000     2     0.074380     244.697200     244.702573     244.755556
775000      19.000000     0     0.074057     244.709376     244.701537     244.594147
776000      18.000000     1     0.073756     244.697200     244.702573     244.755559
777000      18.000000     2     0.073476     244.697200     244.702585     244.755559
778000      19.000000     0     0.073210     244.709383     244.701537     244.594147
779000      18.000000     2     0.072983     244.697200     244.702585     244.755561
780000      19.000000     0     0.072776     244.709395     244.701537     244.594147
781000      18.000000     2     0.072625     244.697200     244.702585     244.755564
782000      19.000000     0     0.072503     244.709407     244.701537     244.594147
783000      18.000000     2     0.072462     244.697200     244.702585     244.755567
784000      19.000000     0     0.072465     244.709419     244.701537     244.594147
785000      18.000000     2     0.072585     244.697200     244.702585     244.755569
786000      19.000000     0     0.072733     244.709431     244.701537     244.594147
787000      18.000000     2     0.072822     244.697200     244.702585     244.755572
788000      19.000000     0     0.072881     244.709443     244.701537     244.594147
789000      18.000000     2     0.072849     244.697200     244.702585     244.755575
790000      19.000000     0     0.072774     244.709454     244.701537     244.594147
791000      18.000000     2     0.072570     244.697200     244.702585     244.755577
792000      19.000000     0     0.072304     244.709466     244.701537     244.594147
793000      18.000000     2     0.071854     244.697200     244.702585     244.755580
794000      19.000000     0     0.071316     244.709478     244.701537     244.594147
795000      18.000000     2     0.070516     244.697200     244.702585     244.755582
796000      19.000000     0     0.069590     244.709490     244.701537     244.594147
797000      18.000000     2     0.068294     244.697200     244.702585     244.755585
798000      19.000000     0     0.066822     244.709502     244.701537     244.594147
799000      18.000000     2     0.064835     244.697200     244.702585     244.755587
800000      19.000000     0     0.062615     244.709513     244.701537     244.594147
801000      18.000000     2     0.059707     244.697200     244.702585     244.755589
802000      19.000000     0     0.056529     244.709524     244.701537     244.594147
803000      18.000000     2     0.052508     244.697200     244.702585     244.755590
804000      19.000000     0     0.048286     244.709534     244.701537     244.594147
805000      18.000000     2     0.043270     244.697200     244.702585     244.755591
806000      19.000000     0     0.038482     244.709543     244.701537     244.594147
807000      18.000000     2     0.033695     244.697200     244.702585     244.755591
808000      19.000000     0     0.030591     244.709552     244.701537     244.594147
809000      18.000000     2     0.030361     244.697200     244.702585     244.755589
810000      19.000000     0     0.035548     244.709559     244.701537     244.594147
811000      18.000000     2     0.050477     244.697200     244.702585     244.755588
812000      19.000000     0     0.076709     244.709568     244.701537     244.594147
813000      18.000000     2     0.120698     244.697200     244.702585     244.755588
814000      19.000000     0     0.175188     244.709580     244.701537     244.594147
815000      18.000000     2     0.242284     244.697200     244.702585     244.755596
816000      19.000000     0     0.304338     244.709602     244.701537     244.594147
817000      18.000000     2     0.363061     244.697200     244.702585     244.755615
818000      19.000000     0     0.406685     244.709637     244.701537     244.594147
819000      18.000000     2     0.441745     244.697200     244.702585     244.755647
820000      19.000000     0     0.465030     244.709682     244.701537     244.594147
821000      18.000000     2     0.482490     244.697200     244.702585     244.755687
822000      19.000000     0     0.493664     244.709733     244.701537     244.594147
823000      18.000000     2     0.501899     244.697200     244.702585     244.755730
824000      19.000000     0     0.507176     244.709787     244.701537     244.594147
825000      18.000000     2     0.511095     244.697200     244.702585     244.755776
826000      19.000000     0     0.513674     244.709843     244.701537     244.594147
827000      18.000000     2     0.515638     244.697200     244.702585     244.755823
828000      19.000000     0     0.516998     244.709899     244.701537     244.594147
829000      18.000000     2     0.518081     244.697200     244.702585     244.755869
830000      19.000000     0     0.518892     244.709955     244.701537     244.594147
831000      18.000000     2     0.519540     244.697200     244.702585     244.755917
832000      19.000000     0     0.519802     244.710011     244.701537     244.594147
833000      18.000000     2     0.519818     244.697200     244.702585     244.755964
834000      19.000000     0     0.519599     244.710068     244.701537     244.594147
835000      18.000000     2     0.519178     244.697200     244.702585     244.756011
836000      19.000000     0     0.518576     244.710125     244.701537     244.594147
837000      18.000000     2     0.517711     244.697200     244.702585     244.756059
838000      19.000000     0     0.516763     244.710181     244.701537     244.594147
839000      18.000000     2     0.516387     244.697200     244.702585     244.756106
840000      19.000000     0     0.516022     244.710237     244.701537     244.594147
841000      18.000000     2     0.515627     244.697200     244.702585     244.756153
842000      19.000000     0     0.515245     244.710294     244.701537     244.594147
843000      18.000000     2     0.514834     244.697200     244.702585     244.756200
844000      19.000000     0     0.514436     244.710350     244.701537     244.594147
845000      18.000000     0     0.514011     244.697200     244.702585     244.756247
846000      16.000000     2     0.513596     244.688944     244.684947     244.691677
847000      18.000000     2     0.513156     244.697250     244.702585     244.756247
848000      19.000000     0     0.512728     244.710400     244.701537     244.594147
849000      18.000000     2     0.512275     244.697250     244.702585     244.756294
850000      19.000000     0     0.511833     244.710456     244.701537     244.594147
851000      18.000000     2     0.511367     244.697250     244.702585     244.756340
852000      19.000000     0     0.510914     244.710511     244.701537     244.594147
853000      18.000000     2     0.510437     244.697250     244.702585     244.756387
854000      19.000000     0     0.509974     244.710567     244.701537     244.594147
855000      18.000000     2     0.509488     244.697250     244.702585     244.756433
856000      19.000000     0     0.509015     244.710623     244.701537     244.594147
857000      18.000000     2     0.508519     244.697250     244.702585     244.756480
858000      19.000000     0     0.508039     244.710678     244.701537     244.594147
859000      18.000000     2     0.507536     244.697250     244.702585     244.756526
860000      19.000000     0     0.507050     244.710734     244.701537     244.594147
861000      18.000000     0     0.506542     244.697250     244.702585     244.756572
862000      16.000000     2     0.506049     244.688944     244.684947     244.691735
863000      18.000000     2     0.505536     244.697301     244.702585     244.756572
864000      19.000000     0     0.505039     244.710783     244.701537     244.594147
865000      18.000000     2     0.504523     244.697301     244.702585     244.756618
866000      19.000000     2     0.504024     244.710838     244.701537     244.594147
867000      20.000000     0     0.503490     244.664774     244.479843     0.000000
868000      19.000000     0     0.502988     244.710838     244.701537     244.594204
869000      18.000000     2     0.502471     244.697301     244.702585     244.756652
870000      19.000000     0     0.501969     244.710893     244.701537     244.594204
871000      18.000000     2     0.501451     244.697301     244.702585     244.756698
872000      19.000000     0     0.500949     244.710948     244.701537     244.594204
873000      18.000000     2     0.500433     244.697301     244.702585     244.756744
874000      19.000000     0     0.499933     244.711002     244.701537     244.594204
875000      18.000000     2     0.499420     244.697301     244.702585     244.756789
876000      19.000000     0     0.498922     244.711057     244.701537     244.594204
877000      18.000000     2     0.498412     244.697301     244.702585     244.756834
878000      19.000000     0     0.497917     244.711111     244.701537     244.594204
879000      18.000000     2     0.497411     244.697301     244.702585     244.756880
880000      19.000000     0     0.496920     244.711166     244.701537     244.594204
881000      18.000000     2     0.496418     244.697301     244.702585     244.756925
882000      19.000000     0     0.495932     244.711220     244.701537     244.594204
883000      18.000000     2     0.495436     244.697301     244.702585     244.756970
884000      19.000000     0     0.494954     244.711274     244.701537     244.594204
885000      18.000000     2     0.494464     244.697301     244.702585     244.757015
886000      19.000000     0     0.493987     244.711328     244.701537     244.594204
887000      18.000000     2     0.493503     244.697301     244.702585     244.757060
888000      19.000000     0     0.493032     244.711382     244.701537     244.594204
889000      18.000000     2     0.492554     244.697301     244.702585     244.757105
890000      19.000000     0     0.492089     244.711436     244.701537     244.594204
891000      18.000000     2     0.491618     244.697301     244.702585     244.757149
892000      19.000000     0     0.491159     244.711490     244.701537     244.594204
893000      18.000000     2     0.490694     244.697301     244.702585     244.757194
894000      19.000000     0     0.490241     244.711544     244.701537     244.594204
895000      18.000000     2     0.489783     244.697301     244.702585     244.757238
896000      19.000000     0     0.489336     244.711597     244.701537     244.594204
897000      18.000000     2     0.488884     244.697301     244.702585     244.757283
898000      19.000000     0     0.488443     244.711651     244.701537     244.594204
899000      18.000000     2     0.487998     244.697301     244.702585     244.757327
900000      19.000000     0     0.487561     244.711704     244.701537     244.594204
901000      18.000000     2     0.487123     244.697301     244.702585     244.757371
902000      19.000000     0     0.486692     244.711757     244.701537     244.594204
903000      18.000000     2     0.486259     244.697301     244.702585     244.757415
904000      19.000000     0     0.485833     244.711811     244.701537     244.594204
905000      18.000000     2     0.485405     244.697301     244.702585     244.757459
906000      19.000000     0     0.484984     244.711864     244.701537     244.594204
907000      18.000000     2     0.484562     244.697301     244.702585     244.757503
908000      19.000000     0     0.484145     244.711917     244.701537     244.594204
909000      18.000000     2     0.483727     244.697301     244.702585     244.757547
910000      19.000000     0     0.483315     244.711970     244.701537     244.594204
911000      18.000000     2     0.482901     244.697301     244.702585     244.757591
912000      19.000000     0     0.482492     244.712023     244.701537     244.594204
913000      18.000000     2     0.482083     244.697301     244.702585     244.757635
914000      19.000000     0     0.481677     244.712076     244.701537     244.594204
915000      18.000000     2     0.481271     244.697301     244.702585     244.757679
916000      19.000000     1     0.480868     244.712128     244.701537     244.594204
917000      19.000000     0     0.480466     244.712128     244.701586     244.594204
918000      18.000000     2     0.480064     244.697301     244.702585     244.757721
919000      19.000000     0     0.479665     244.712181     244.701586     244.594204
920000      18.000000     2     0.479266     244.697301     244.702585     244.757765
921000      19.000000     0     0.478868     244.712233     244.701586     244.594204
922000      18.000000     2     0.478471     244.697301     244.702585     244.757808
923000      19.000000     0     0.478075     244.712286     244.701586     244.594204
924000      18.000000     2     0.477679     244.697301     244.702585     244.757851
925000      19.000000     0     0.477285     244.712338     244.701586     244.594204
926000      18.000000     2     0.476890     244.697301     244.702585     244.757894
927000      19.000000     0     0.476497     244.712390     244.701586     244.594204
928000      18.000000     2     0.476103     244.697301     244.702585     244.757938
929000      19.000000     0     0.475710     244.712443     244.701586     244.594204
930000      18.000000     2     0.475317     244.697301     244.702585     244.757981
931000      19.000000     0     0.474925     244.712495     244.701586     244.594204
932000      18.000000     2     0.474533     244.697301     244.702585     244.758024
933000      19.000000     0     0.474140     244.712547     244.701586     244.594204
934000      18.000000     2     0.473748     244.697301     244.702585     244.758066
935000      19.000000     0     0.473356     244.712599     244.701586     244.594204
936000      18.000000     2     0.472964     244.697301     244.702585     244.758109
937000      19.000000     0     0.472572     244.712651     244.701586     244.594204
938000      18.000000     0     0.472179     244.697301     244.702585     244.758152
939000      16.000000     2     0.471787     244.688944     244.684947     244.691792
940000      18.000000     2     0.471395     244.697347     244.702585     244.758152
941000      19.000000     0     0.471002     244.712696     244.701586     244.594204
942000      18.000000     2     0.470609     244.697347     244.702585     244.758195
943000      19.000000     0     0.470216     244.712748     244.701586     244.594204
944000      18.000000     2     0.469823     244.697347     244.702585     244.758237
945000      19.000000     0     0.469429     244.712800     244.701586     244.594204
946000      18.000000     2     0.469036     244.697347     244.702585     244.758280
947000      19.000000     0     0.468642     244.712851     244.701586     244.594204
948000      18.000000     2     0.468249     244.697347     244.702585     244.758322
949000      19.000000     0     0.467855     244.712903     244.701586     244.594204
950000      18.000000     2     0.467461     244.697347     244.702585     244.758364
951000      19.000000     0     0.467067     244.712954     244.701586     244.594204
952000      18.000000     2     0.466673     244.697347     244.702585     244.758406
953000      19.000000     2     0.466279     244.713005     244.701586     244.594204
954000      20.000000     0     0.465885     244.664829     244.479843     0.000000
955000      19.000000     0     0.465492     244.713005     244.701586     244.594258
956000      18.000000     2     0.465098     244.697347     244.702585     244.758437
957000      19.000000     0     0.464704     244.713056     244.701586     244.594258
958000      18.000000     2     0.464310     244.697347     244.702585     244.758479
959000      19.000000     0     0.463917     244.713107     244.701586     244.594258
960000      18.000000     2     0.463523     244.697347     244.702585     244.758521
961000      19.000000     0     0.463130     244.713158     244.701586     244.594258
962000      18.000000     2     0.462737     244.697347     244.702585     244.758562
963000      19.000000     0     0.462344     244.713209     244.701586     244.594258
964000      18.000000     2     0.461951     244.697347     244.702585     244.758604
965000      19.000000     0     0.461558     244.713260     244.701586     244.594258
966000      18.000000     2     0.461165     244.697347     244.702585     244.758646
967000      19.000000     0     0.460773     244.713310     244.701586     244.594258
968000      18.000000     2     0.460380     244.697347     244.702585     244.758687
969000      19.000000     0     0.459988     244.713361     244.701586     244.594258
970000      18.000000     2     0.459596     244.697347     244.702585     244.758729
971000      19.000000     0     0.459204     244.713412     244.701586     244.594258
972000      18.000000     2     0.458812     244.697347     244.702585     244.758770
973000      19.000000     0     0.458420     244.713462     244.701586     244.594258
974000      18.000000     2     0.458029     244.697347     244.702585     244.758812
975000      19.000000     0     0.457637     244.713512     244.701586     244.594258
976000      18.000000     2     0.457246     244.697347     244.702585     244.758853
977000      19.000000     0     0.456855     244.713563     244.701586     244.594258
978000      18.000000     2     0.456464     244.697347     244.702585     244.758894
979000      19.000000     0     0.456072     244.713613     244.701586     244.594258
980000      18.000000     2     0.455682     244.697347     244.702585     244.758935
981000      19.000000     0     0.455291     244.713663     244.701586     244.594258
982000      18.000000     2     0.454901     244.697347     244.702585     244.758976
983000      19.000000     1     0.454510     244.713713     244.701586     244.594258
984000      19.000000     0     0.454119     244.713713     244.701633     244.594258
985000      18.000000     2     0.453729     244.697347     244.702585     244.759016
986000      19.000000     0     0.453339     244.713763     244.701633     244.594258
987000      18.000000     2     0.452949     244.697347     244.702585     244.759057
988000      19.000000     0     0.452559     244.713813     244.701633     244.594258
989000      18.000000     2     0.452170     244.697347     244.702585     244.759098
990000      19.000000     0     0.451780     244.713863     244.701633     244.594258
991000      18.000000     2     0.451391     244.697347     244.702585     244.759138
992000      19.000000     0     0.451001     244.713912     244.701633     244.594258
993000      18.000000     2     0.450612     244.697347     244.702585     244.759179
994000      19.000000     0     0.450223     244.713962     244.701633     244.594258
995000      18.000000     2     0.449835     244.697347     244.702585     244.759220
996000      19.000000     0     0.449446     244.714012     244.701633     244.594258
997000      18.000000     2     0.449057     244.697347     244.702585     244.759260
998000      19.000000     0     0.448669     244.714061     244.701633     244.594258
999000      18.000000     2     0.448281     244.697347     244.702585     244.759300
1000000      19.000000     0     0.447892     244.714111     244.701633     244.594258
