0    75.551064
1    116.851285
2    95.457305
3    73.317206
4    110.715956
5    76.363167
6    78.140799
7    72.798284
8    79.576870
9    90.563340
10    82.147187
11    85.404215
12    77.383637
13    178.502985
14    90.510116
15    95.330778
16    108.285671
17    104.608141
18    79.844583
19    83.088224
20    90.563340
21    90.760073
22    107.927218
23    111.705505
24    111.768247
25    109.978303
26    111.717612
27    95.461191
28    110.653013
29    111.701448
30    111.665589
31    176.809345
32    80.952595
33    104.546925
34    85.095493
35    90.586837
36    104.357547
37    111.689482
38    111.324154
39    114.388735
40    2461.035714
41    2408.661880
42    2410.224711
43    2458.060654
44    211.696193
45    285.033205
46    2497.808282
47    2533.792323
48    2574.589184
49    2572.917141
50    2622.240807
51    2573.677163
52    2625.159461
53    2573.652932
54    2655.332420
55    2764.922542
56    2838.600443
57    2862.335044
58    2883.749486
59    2865.709327
60    2866.021864
61    2845.165322
62    2805.469927
63    2863.256970
64    2886.453850
65    2866.299450
66    2886.692460
67    2866.854125
68    2843.508079
69    2810.322853
70    2842.227252
71    2865.900630
72    2865.014685
73    2866.013422
74    2886.137484
75    2860.777199
76    2864.109006
77    2809.732631
78    2791.205264
79    2807.943296
80    2844.481462
81    2810.097902
82    2865.731894
83    2806.661943
84    2843.727306
85    2788.215094
86    2812.944530
87    2864.987116
88    2806.665066
89    2774.654767
90    2776.163100
91    2807.055309
92    2777.868756
93    2812.059053
94    2807.435161
95    2845.309427
96    2865.544892
97    2862.809338
98    2808.007292
99    2842.082701
100    2864.231136
101    2865.694590
102    2843.058828
103    2854.432064
104    2841.854737
105    2839.455137
106    2869.929640
107    2841.026519
108    2838.485131
109    2841.549310
110    2763.966678
111    2763.765202
112    2762.263889
113    2762.795781
114    2766.445979
115    2621.696288
116    2536.186788
117    2499.542049
118    102.744116
119    2361.572176
120    447.686820
121    2391.361496
122    461.848252
123    226.688313
124    108.122935
125    105.342476
126    110.640437
127    105.885371
128    103.271530
129    2413.908924
130    2462.138729
131    2417.959433
132    105.413478
133    2459.549816
134    292.014593
135    2489.216048
136    2497.599444
137    2459.122188
138    2479.022628
139    215.832566
140    153.775095
141    286.297310
142    145.343989
143    2534.141723
144    2482.728109
145    2542.846569
146    2572.822151
147    2622.356827
148    2574.704485
149    2626.622714
150    2573.081685
151    2627.350280
152    2623.204887
153    2765.006013
154    2670.617842
155    2766.590608
156    2623.676768
157    2673.430960
158    2794.592874
159    2760.552287
160    2762.332780
161    2763.327234
162    2624.356703
163    2758.209479
164    2864.071049
165    2841.629143
166    2864.405195
167    2866.874148
168    2864.773230
169    2886.793361
170    2863.817858
171    2766.762062
172    2839.507671
173    2864.622968
174    2864.074618
175    2865.246345
176    2761.903971
177    2839.031697
178    2866.384074
179    2864.663823
180    2863.898884
181    2886.516352
182    2886.982567
183    2886.704832
184    2864.071858
185    2885.933259
186    2861.341407
187    2842.733891
188    2862.145265
189    2761.656824
190    2837.513825
191    2762.788489
192    2625.063997
193    2574.392353
194    2537.127702
195    2624.063817
196    2623.946491
197    2572.785612
198    2573.964062
199    2573.540592
200    2574.531576
201    2621.787498
202    2573.712588
203    2621.524757
204    2620.733796
205    2580.232736
206    2532.579982
207    2569.707731
208    2550.012713
209    2637.854615
210    2526.055317
211    2625.511471
212    2574.842051
213    2585.437866
214    2572.218053
215    2639.429863
216    2765.196586
217    2762.153156
218    2669.631111
219    2761.698554
220    2760.468028
221    2766.872006
222    2864.579405
223    2886.563512
224    2885.897167
225    2886.313597
226    2863.867993
227    2838.445044
228    2838.788623
229    2843.723475
230    2764.914858
231    2762.121627
232    2764.407844
233    2765.373292
234    2672.551978
235    2762.787531
236    2767.194792
237    2669.388561
238    2768.244481
239    2668.412970
240    2674.054466
241    2764.054261
242    2669.699042
243    2767.426502
244    2623.609052
245    2574.729824
246    2537.739343
247    2534.648803
248    2575.043535
249    2534.873346
250    2495.812061
251    158.253991
252    2537.154297
253    2625.122188
254    2575.374468
255    2536.300148
256    2624.690248
257    2668.449484
258    2675.453757
259    2689.476992
260    2678.156887
261    2813.654651
262    2672.150977
263    2813.481232
264    2621.696106
265    2574.694967
266    2535.818967
267    2634.019301
268    2537.132581
269    2571.981676
270    2574.275725
271    2510.910691
272    2534.915621
273    2574.033202
274    2534.031480
275    2538.279626
276    2536.546834
277    2498.179426
278    2357.002350
279    164.547230
280    2458.689119
281    2462.916471
282    103.291288
283    226.720457
284    2458.209688
285    2497.525681
286    2538.727992
287    2460.999238
288    103.224839
289    110.634768
290    103.566176
291    103.262196
292    110.725754
293    111.705573
294    108.547022
295    105.864738
296    103.297701
297    110.670296
298    111.362659
299    111.456149
300    110.013787
301    108.510289
302    109.900498
303    104.539083
304    78.163654
305    75.845266
306    71.256887
307    76.999857
308    72.640194
309    206.855817
310    76.058673
311    76.182963
312    76.031088
313    77.059331
314    76.042178
315    73.807938
316    76.035121
317    72.951844
318    76.823303
319    75.499812
320    59.795153
321    73.763253
322    76.347272
323    76.213453
324    75.879529
325    70.374955
326    76.824401
327    77.037845
328    71.872736
329    78.983013
330    75.199973
331    78.125442
332    74.342638
333    77.712997
334    90.563340
335    79.795344
336    77.766535
337    85.406914
338    213.382118
339    69.476460
340    66.617645
341    76.222009
342    75.856886
343    75.765209
344    77.032289
345    68.783409
346    76.574017
347    77.980018
348    77.597954
349    76.756689
350    78.157631
351    90.551014
352    94.693416
353    107.240045
354    108.419732
355    104.609520
356    80.736117
357    106.298313
358    106.277621
359    108.641239
360    162.972181
361    104.557646
362    83.145077
363    108.403355
364    106.291382
365    111.471848
366    110.739145
367    143.142120
368    108.497864
369    101.009372
370    108.002938
371    328.785921
372    155.762588
373    158.051232
374    170.484980
375    407.722547
376    329.440948
377    242.248302
378    391.491526
379    212.532243
380    349.579325
381    335.536332
382    166.937554
383    161.585062
384    226.234862
385    339.561465
386    282.915326
387    2533.749395
388    2572.454912
389    2624.029318
390    2859.696291
391    2839.606419
392    2864.714069
393    2840.297815
394    2764.055995
395    2842.471876
396    2865.639332
397    2842.444698
398    2841.896365
399    2845.485596
400    2807.801343
401    2775.992013
402    2775.681855
403    2809.454090
404    2810.494113
405    2774.926579
406    2806.376940
407    2778.450431
408    2776.871656
409    2775.506023
410    2776.425101
411    2809.326850
412    2824.143866
413    2807.243257
414    2866.870041
415    2887.209665
416    2863.503508
417    2865.054394
418    2843.670851
419    2807.092372
420    2811.509127
421    2806.231197
422    2843.416005
423    2866.414269
424    2807.368502
425    2865.402831
426    2884.854981
427    2863.678358
428    2846.544540
429    2882.494866
430    2886.958359
431    2886.000952
432    2865.555894
433    2864.504440
434    2809.696178
435    2842.881613
436    2865.720527
437    2807.084633
438    2776.649010
439    2808.315912
440    2775.851885
441    2808.483170
442    2865.351232
443    2838.013742
444    2808.778665
445    2774.356859
446    2810.451752
447    2776.160269
448    2777.742133
449    2776.295496
450    2775.780207
451    2808.292311
452    2851.257616
453    2886.554112
454    2867.377848
455    2862.627638
456    2886.280098
457    2864.935060
458    2843.023259
459    2865.238770
460    2841.613029
461    2765.630501
462    2864.360223
463    2840.098664
464    2766.513076
465    2861.176894
466    2865.733002
467    2863.948076
468    2763.669356
469    2669.905153
470    2763.806452
471    2828.197835
472    2881.898732
473    2868.710119
474    2847.800590
475    2807.255497
476    2801.609950
477    2671.695890
478    2668.885966
479    2670.373251
480    2629.012970
481    2621.034699
482    2536.791780
483    2624.982994
484    2761.320971
485    2666.580598
486    2763.696280
487    2624.239717
488    2671.664031
489    2670.709469
490    2670.664402
491    2624.001782
492    2574.385213
493    2537.493591
494    2496.092283
495    2458.521976
496    103.218182
497    2460.242651
498    2537.049492
499    2496.891413
500    2534.331728
501    2536.602927
502    2535.554172
503    2539.156038
504    2537.513859
505    2533.493764
506    2534.684173
507    2537.822245
508    2538.051024
509    2539.513323
510    2535.637792
511    2535.457641
512    2536.339320
513    2536.366180
514    2534.459185
515    2535.071456
516    2538.458896
517    2536.325758
518    2635.401318
519    2625.494172
520    2623.908562
521    2623.564489
522    2622.401136
523    2625.584607
524    2622.485407
525    2625.816724
526    2624.377425
527    2624.510309
528    2624.218569
529    2625.372042
530    2627.277213
531    2623.153686
532    2623.878993
533    2624.922034
534    2624.941948
535    2625.480842
536    2622.591505
537    2626.137894
538    2624.965016
539    2625.368966
540    2621.206818
541    2624.702968
542    2623.472997
543    2623.039216
544    2624.555735
545    2535.172717
546    2536.040630
547    2536.118589
548    2625.509636
549    2625.589941
550    2630.488048
551    2573.983415
552    2573.489703
553    2574.814680
554    2625.988635
555    2625.199512
556    2624.741573
557    2626.070104
558    2628.250840
559    2623.888035
560    2672.044613
561    2624.644597
562    2626.010623
563    2621.286010
564    2573.912490
565    2624.575494
566    2574.659522
567    2621.523429
568    2574.475178
569    2583.304911
570    2624.318710
571    2573.094262
572    2623.908209
573    2623.207630
574    2624.807409
575    2622.195166
576    2535.969139
577    2572.869349
578    2624.367805
579    2625.100803
580    2628.373808
581    2624.453181
582    2622.578591
583    2770.095309
584    2769.521682
585    2766.927498
586    2837.071295
587    2838.071531
588    2838.095945
589    2845.737575
590    2844.010730
591    2832.926071
592    2842.887429
593    2856.285130
594    2859.681132
595    2857.818232
596    2854.931616
597    2857.240390
598    2858.158773
599    2857.157772
600    2840.121531
601    2841.692636
602    2809.755164
603    2846.966932
604    2843.939813
605    2843.785226
606    2845.367993
607    2843.921425
608    2842.694435
609    2843.147524
610    2841.275815
611    2845.823504
612    2866.986851
613    2808.979114
614    2804.467333
615    2807.498343
616    2807.026880
617    2846.009896
618    2808.201555
619    2806.698757
620    2805.020476
621    2808.824995
622    2807.063274
623    2811.651239
624    2843.158497
625    2844.686944
626    2866.682551
627    2866.858973
628    2807.895956
629    2806.929914
630    2844.693110
631    2808.586415
632    2809.127166
633    2865.426273
634    2866.824061
635    2863.858965
636    2807.788382
637    2843.942233
638    2864.516230
639    2864.525835
640    2868.130129
641    2862.438981
642    2863.243970
643    2863.153531
644    2867.371179
645    2864.058468
646    2864.197099
647    2866.362876
648    2844.784751
649    2804.392691
650    2810.315121
651    2805.558898
652    2807.128051
653    2807.986283
654    2807.167885
655    2866.580600
656    2808.566831
657    2841.999302
658    2844.056438
659    2806.039735
660    2862.144491
661    2865.905764
662    2841.616452
663    2863.702640
664    2806.740314
665    2843.222039
666    2841.217148
667    2806.490330
668    2866.978354
669    2843.597988
670    2809.065071
671    2807.292109
672    2809.496804
673    2808.176853
674    2865.835703
675    2866.960603
676    2808.070207
677    2842.223105
678    2866.171682
679    2842.098986
680    2842.574397
681    2844.965245
682    2807.628989
683    2840.548640
684    2807.258740
685    2843.288513
686    2842.899242
687    2843.930904
688    2844.380670
689    2808.949267
690    2866.309101
691    2841.454845
692    2805.746398
693    2807.889160
694    2809.222607
695    2866.085257
696    2846.523035
697    2863.913213
698    2864.368619
699    2861.449505
700    2864.003904
701    2863.518269
702    2861.097285
703    2863.914203
704    2867.285493
705    2863.968940
706    2866.258923
707    2886.497189
708    2866.558526
709    2808.363322
710    2867.715092
711    2886.727388
712    2860.459154
713    2861.035247
714    2863.958182
715    2865.455943
716    2862.974684
717    2861.554628
718    2865.981902
719    2863.131152
720    2865.433216
721    2857.956212
722    2864.247179
723    2864.379913
724    2864.181119
725    2862.317783
726    2864.789440
727    2862.638154
728    2864.243700
729    2886.256472
730    2867.069002
731    2864.555710
732    2845.083772
733    2808.626734
734    2843.601713
735    2866.973666
736    2807.689106
737    2806.556782
738    2807.659756
739    2806.782155
740    2808.735974
741    2807.054898
742    2808.969047
743    2808.044878
744    2811.040179
745    2808.397370
746    2809.521800
747    2808.826823
748    2808.391310
749    2806.919533
750    2808.991888
751    2810.073060
752    2808.123189
753    2808.006342
754    2807.700308
755    2808.398953
756    2808.125716
757    2807.971856
758    2810.579250
759    2809.049143
760    2810.399943
761    2808.387803
762    2845.970975
763    2806.285743
764    2808.759142
765    2843.415501
766    2810.637924
767    2805.312510
768    2809.823408
769    2844.609325
770    2805.237070
771    2806.920662
772    2865.239852
773    2866.004538
774    2865.882742
775    2839.134552
776    2866.919176
777    2842.702909
778    2810.523125
779    2866.374280
780    2845.550917
781    2841.361272
782    2844.523968
783    2844.231955
784    2866.699642
785    2864.715359
786    2863.767288
787    2863.826438
788    2864.776060
789    2864.911388
790    2857.512072
791    2883.481533
792    2886.694586
793    2886.629339
794    2862.743129
795    2762.979485
796    2865.181387
797    2886.731482
798    2863.991663
799    2865.688799
800    2862.015849
801    2859.228738
802    2887.350446
803    2865.640901
804    2864.315476
805    2866.888399
806    2865.615375
807    2866.370614
808    2862.031996
809    2864.379154
810    2805.695716
811    2865.560136
812    2844.281638
813    2862.219538
814    2839.080294
815    2808.408883
816    2837.963292
817    2865.848307
818    2885.282594
819    2885.849985
820    2886.737097
821    2886.321630
822    2864.653415
823    2863.868812
824    2858.238111
825    2855.553851
826    2857.753045
827    2866.731766
828    2862.815282
829    2843.892570
830    2865.526696
831    2808.134925
832    2808.644081
833    2844.267686
834    2842.981614
835    2845.696442
836    2806.970443
837    2812.762641
838    2850.461929
839    2869.994770
840    2863.462160
841    2798.397252
842    2815.050044
843    2803.035499
844    2862.238039
845    2859.948196
846    2856.137137
847    2853.082070
848    2857.427526
849    2856.544451
850    2832.701915
851    2839.963732
852    2842.213738
853    2840.907906
854    2840.676507
855    2843.948506
856    2763.193978
857    2766.295994
858    2842.146492
859    2866.061032
860    2863.618696
861    2860.396313
862    2864.123473
863    2867.126255
864    2871.994991
865    2840.994169
866    2838.300750
867    2840.459315
868    2841.458837
869    2840.849365
870    2862.949534
871    2863.615308
872    2762.349243
873    2766.747018
874    2763.881476
875    2764.950359
876    2864.001915
877    2761.069683
878    2763.791393
879    2835.965075
880    2765.036290
881    2863.696448
882    2859.938375
883    2840.269172
884    2840.972013
885    2841.101253
886    2841.148207
887    2762.228522
888    2762.818462
889    2841.075741
890    2765.887856
891    2863.221255
892    2834.837346
893    2839.648199
894    2763.458979
895    2865.445831
896    2840.129472
897    2764.099466
898    2764.423842
899    2763.570967
900    2761.272901
901    2760.596731
902    2760.981592
903    2864.668481
904    2864.250389
905    2886.797444
906    2882.254063
907    2864.191597
908    2866.466329
909    2845.320878
910    2808.366383
911    2807.607202
912    2863.707050
913    2840.132374
914    2808.417444
915    2774.386207
916    2807.972302
917    2808.353364
918    2808.972308
919    2808.663391
920    2807.993156
921    2862.124800
922    2861.510121
923    2864.793332
924    2864.372562
925    2887.139846
926    2850.173359
927    2847.387578
928    2840.901371
929    2836.261090
930    2858.014244
931    2845.346597
932    2844.660255
933    2842.880536
934    2844.273134
935    2866.684183
936    2808.698828
937    2844.021938
938    2866.547356
939    2841.962646
940    2808.399033
941    2840.728129
942    2866.063626
943    2862.914437
944    2884.839141
945    2885.836795
946    2887.450013
947    2887.410620
948    2886.720419
949    2886.025292
950    2886.715849
951    2886.764802
952    2886.693494
953    2886.595840
954    2881.719637
955    2887.108899
956    2862.958323
957    2859.934967
958    2863.474388
959    2863.935251
960    2885.648090
961    2886.077831
962    2885.189694
963    2886.764104
964    2884.636323
965    2862.097518
966    2865.178373
967    2765.761545
968    2762.535387
969    2763.422971
970    2669.137517
971    2766.100799
972    2765.287647
973    2766.300240
974    2625.163769
975    2668.296320
976    2667.334985
977    2764.831889
978    2624.666980
979    2669.296785
980    2767.159741
981    2862.975592
982    2839.721584
983    2762.259089
984    2839.348699
985    2864.375569
986    2864.916321
987    2865.005126
988    2866.198225
989    2865.801566
990    2866.977231
991    2863.766994
992    2864.509851
993    2805.873195
994    2806.149220
995    2806.851307
996    2807.670421
997    2807.217333
998    2808.831530
999    2808.539166
1000    2806.955970
1001    2806.862855
1002    2807.670551
1003    2807.890287
1004    2808.144181
1005    2806.655041
1006    2807.815366
1007    2808.784286
1008    2808.566817
1009    2809.164331
1010    2806.872479
1011    2808.864693
1012    2806.269453
1013    2806.748573
1014    2805.103156
1015    2808.195076
1016    2805.424606
1017    2806.710079
1018    2806.905359
1019    2806.343197
1020    2807.301771
1021    2806.310489
1022    2804.787732
1023    2806.669662
1024    2806.873484
1025    2806.186853
1026    2806.236019
1027    2806.900317
1028    2808.184348
1029    2807.703020
1030    2806.756928
1031    2808.782794
1032    2806.662997
1033    2807.220534
1034    2806.667445
1035    2805.662301
1036    2806.515684
1037    2805.959478
1038    2806.019539
1039    2808.175508
1040    2806.449710
1041    2808.441365
1042    2806.311750
1043    2809.986684
1044    2808.574336
1045    2806.623550
1046    2806.141413
1047    2806.872785
1048    2807.494804
1049    2806.517664
1050    2806.261611
1051    2806.667223
1052    2806.866196
1053    2806.021241
1054    2806.763488
1055    2807.434588
1056    2806.190489
1057    2808.764435
1058    2807.531757
1059    2807.471667
1060    2806.548085
1061    2807.129752
1062    2807.000810
1063    2808.491541
1064    2806.506247
1065    2807.038363
1066    2804.583171
1067    2806.857769
1068    2806.711127
1069    2808.926487
1070    2806.356031
1071    2807.027146
1072    2806.726393
1073    2806.713060
1074    2807.023926
1075    2810.399748
1076    2805.006158
1077    2806.922592
1078    2807.822969
1079    2806.729782
1080    2808.440041
1081    2806.701904
1082    2806.909329
1083    2806.317452
1084    2806.442763
1085    2806.697293
1086    2806.885902
1087    2866.786569
1088    2806.604915
1089    2867.478545
1090    2806.269887
1091    2866.685435
1092    2867.913413
1093    2866.732172
1094    2808.167093
1095    2867.047193
1096    2808.261363
1097    2867.625352
1098    2867.329468
1099    2865.393114
1100    2862.897739
1101    2806.596456
1102    2809.459736
1103    2806.294844
1104    2806.103762
1105    2802.196495
1106    2808.312202
1107    2806.545010
1108    2867.493896
1109    2806.418069
1110    2807.488278
1111    2806.805749
1112    2808.620185
1113    2806.604812
1114    2804.970192
1115    2808.180249
1116    2806.517957
1117    2806.995295
1118    2806.765111
1119    2805.958018
1120    2808.251522
1121    2806.367137
1122    2808.536298
1123    2807.597254
1124    2806.436393
1125    2806.255577
1126    2806.449210
1127    2807.773851
1128    2805.919508
1129    2806.625237
1130    2807.738175
1131    2806.511589
1132    2806.863487
1133    2806.463239
1134    2866.079698
1135    2807.316894
1136    2865.079019
1137    2867.565309
1138    2867.804214
1139    2805.424010
1140    2863.115870
1141    2867.186385
1142    2866.720871
1143    2867.178829
1144    2866.054846
1145    2866.887251
1146    2867.303604
1147    2865.200516
1148    2865.072231
1149    2867.631826
1150    2866.765181
1151    2866.937483
1152    2864.442359
1153    2867.754681
1154    2865.590785
1155    2867.540437
1156    2867.039273
1157    2867.043382
1158    2867.687332
1159    2866.761984
1160    2867.161600
1161    2867.206464
1162    2866.039094
1163    2867.688658
1164    2865.707238
1165    2867.505928
1166    2867.158037
1167    2867.267035
1168    2866.889072
1169    2806.827484
1170    2867.054873
1171    2807.303480
1172    2806.532963
1173    2806.502976
1174    2807.332713
1175    2807.087635
1176    2807.168359
1177    2806.375214
1178    2806.256946
1179    2807.072113
1180    2807.789677
1181    2807.771013
1182    2806.448429
1183    2807.144696
1184    2806.091645
1185    2806.114072
1186    2808.265156
1187    2806.402926
1188    2806.596129
1189    2806.625867
1190    2807.972627
1191    2806.673563
1192    2865.717695
1193    2865.767388
1194    2805.389609
1195    2806.704136
1196    2805.437297
1197    2806.527894
1198    2806.794673
1199    2806.615262
1200    2805.745673
1201    2866.898168
1202    2806.998466
1203    2806.666680
1204    2867.325474
1205    2867.138441
1206    2864.248918
1207    2866.262068
1208    2865.233434
1209    2865.377945
1210    2889.613937
1211    2866.964609
1212    2809.360855
1213    2868.113420
1214    2806.345426
1215    2866.396680
1216    2866.961980
1217    2804.377024
1218    2805.735217
1219    2808.110483
1220    2806.872583
1221    2805.117936
1222    2806.453346
1223    2804.280377
1224    2806.860374
1225    2808.223981
1226    2805.938622
1227    2807.969327
1228    2773.941860
1229    2806.848251
1230    2774.495048
1231    2774.290809
1232    2807.740974
1233    2776.276310
1234    2774.657747
1235    2806.099604
1236    2806.568085
1237    2806.499738
1238    2773.205962
1239    2774.371014
1240    2806.744193
1241    2806.955590
1242    2808.082940
1243    2807.009948
1244    2806.689401
1245    2807.352776
1246    2806.493692
1247    2865.357280
1248    2866.023884
1249    2867.663773
1250    2844.604742
1251    2843.556695
1252    2861.103373
1253    2866.967372
1254    2866.525225
1255    2867.146184
1256    2842.023817
1257    2806.735579
1258    2843.550036
1259    2867.801631
1260    2866.755079
1261    2865.584038
1262    2866.344763
1263    2865.661060
1264    2866.065356
1265    2866.001520
1266    2862.551685
1267    2866.155784
1268    2866.629579
1269    2865.707126
1270    2867.119523
1271    2865.127719
1272    2842.971154
1273    2807.817044
1274    2844.418538
1275    2866.536143
1276    2867.429532
1277    2866.160142
1278    2865.660359
1279    2866.108431
1280    2866.959336
1281    2864.706679
1282    2865.596051
1283    2866.877957
1284    2888.696764
1285    2867.119993
1286    2867.618784
1287    2887.861923
1288    2866.704439
1289    2866.630779
1290    2864.515968
1291    2864.338975
1292    2866.208601
1293    2865.164899
1294    2865.610096
1295    2866.430463
1296    2865.230093
1297    2866.550794
1298    2864.669346
1299    2863.693608
1300    2866.175617
1301    2888.894567
1302    2888.531216
1303    2887.959396
1304    2887.741013
1305    2865.892630
1306    2888.320551
1307    2888.009408
1308    2888.546487
1309    2888.154016
1310    2888.006911
1311    2888.826420
1312    2888.229394
1313    2866.817991
1314    2866.749228
1315    2865.357766
1316    2888.321266
1317    2867.043271
1318    2864.716938
1319    2867.151080
1320    2865.538848
1321    2864.890202
1322    2864.863459
1323    2868.067862
1324    2862.373443
1325    2885.229176
1326    2867.609146
1327    2888.067600
1328    2865.098447
1329    2867.650269
1330    2867.348387
1331    2867.147601
1332    2807.057206
1333    2806.645264
1334    2808.190964
1335    2807.648395
1336    2866.630801
1337    2865.732091
1338    2807.019650
1339    2807.096781
1340    2866.775776
1341    2844.860402
1342    2807.356390
1343    2806.776549
1344    2775.579751
1345    2773.764314
1346    2807.220595
1347    2805.646470
1348    2775.469408
1349    2806.279998
1350    2808.023082
1351    2774.553291
1352    2805.765223
1353    2806.488447
1354    2805.447398
1355    2806.084602
1356    2808.319296
1357    2843.382629
1358    2841.305030
1359    2868.198274
1360    2807.072582
1361    2806.978068
1362    2805.970817
1363    2806.706284
1364    2844.761750
1365    2804.801572
1366    2806.716267
1367    2867.323126
1368    2867.308612
1369    2845.287060
1370    2805.518670
1371    2865.465099
1372    2867.020296
1373    2867.655457
1374    2866.653698
1375    2866.770508
1376    2845.202400
1377    2867.151898
1378    2844.738945
1379    2806.564479
1380    2845.061459
1381    2867.101784
1382    2865.880633
1383    2845.243143
1384    2808.647817
1385    2806.437777
1386    2867.138073
1387    2844.446823
1388    2806.435822
1389    2844.795492
1390    2866.875153
1391    2844.662391
1392    2804.826010
1393    2807.935892
1394    2806.619148
1395    2844.499981
1396    2867.124756
1397    2843.148964
1398    2806.779189
1399    2865.894956
1400    2841.904722
1401    2842.647952
1402    2806.678221
1403    2806.058017
1404    2867.438717
1405    2805.542132
1406    2865.720500
1407    2805.519002
1408    2843.952619
1409    2867.289808
1410    2867.891527
1411    2805.968283
1412    2844.048188
1413    2867.915305
1414    2844.882218
1415    2807.469157
1416    2807.248685
1417    2864.837316
1418    2806.662695
1419    2807.646392
1420    2844.063439
1421    2808.008788
1422    2844.536873
1423    2866.847089
1424    2866.925444
1425    2867.009612
1426    2865.764615
1427    2866.753299
1428    2866.681112
1429    2888.342871
1430    2867.047783
1431    2867.366188
1432    2887.910955
1433    2867.289750
1434    2866.769592
1435    2885.658899
1436    2863.153782
1437    2865.103818
1438    2888.562048
1439    2863.216969
1440    2865.529098
1441    2866.062766
1442    2866.454740
1443    2866.164488
1444    2887.964935
1445    2865.371942
1446    2867.897372
1447    2887.992628
1448    2866.861120
1449    2866.507363
1450    2865.861089
1451    2865.995430
1452    2865.975431
1453    2865.754656
1454    2866.091953
1455    2866.481688
1456    2865.655270
1457    2840.875702
1458    2837.420734
1459    2866.205569
1460    2843.040875
1461    2843.500058
1462    2866.038881
1463    2866.619778
1464    2843.620230
1465    2866.018382
1466    2841.336951
1467    2762.719400
1468    2764.565614
1469    2843.017905
1470    2763.051762
1471    2761.565980
1472    2867.343729
1473    2867.143380
1474    2864.622567
1475    2842.852384
1476    2865.426209
1477    2843.118657
1478    2842.655663
1479    2842.736290
1480    2765.786019
1481    2765.984798
1482    2842.787254
1483    2843.007243
1484    2763.469378
1485    2765.342589
1486    2763.407879
1487    2865.631524
1488    2766.533944
1489    2765.100210
1490    2761.438519
1491    2764.343385
1492    2762.790721
1493    2841.806989
1494    2842.421962
1495    2762.235096
1496    2762.164492
1497    2865.046663
1498    2866.256003
1499    2842.189604
1500    2765.265152
1501    2762.480581
1502    2865.695537
1503    2759.612508
1504    2763.822703
1505    2765.588577
1506    2865.497688
1507    2866.442865
1508    2862.286933
1509    2865.131945
1510    2842.727185
1511    2765.541195
1512    2766.441573
1513    2842.201575
1514    2865.620157
1515    2866.931334
1516    2865.928657
1517    2866.357727
1518    2865.908040
1519    2865.060582
1520    2866.187641
1521    2865.133978
1522    2761.472575
1523    2762.440585
1524    2766.276118
1525    2765.772844
1526    2764.557487
1527    2762.692679
1528    2766.846085
1529    2763.235437
1530    2764.342558
1531    2762.315445
1532    2843.767457
1533    2761.255217
1534    2842.392992
1535    2865.249872
1536    2866.736074
1537    2842.591970
1538    2765.192863
1539    2765.997358
1540    2865.729021
1541    2841.953342
1542    2764.700261
1543    2761.719949
1544    2841.864570
1545    2866.718580
1546    2867.514205
1547    2865.944709
1548    2763.957201
1549    2843.073499
1550    2866.529137
1551    2843.312304
1552    2763.026527
1553    2841.945063
1554    2862.433485
1555    2866.657460
1556    2867.063296
1557    2866.286006
1558    2866.956774
1559    2866.697378
1560    2865.897674
1561    2843.860999
1562    2844.574252
1563    2867.068608
1564    2842.749489
1565    2843.883220
1566    2843.198445
1567    2863.612931
1568    2762.749131
1569    2843.422954
1570    2842.507063
1571    2866.358176
1572    2762.652275
1573    2764.394001
1574    2842.919599
1575    2762.718862
1576    2842.365230
1577    2866.710674
1578    2842.712296
1579    2765.829527
1580    2763.153205
1581    2764.108418
1582    2763.001104
1583    2763.218303
1584    2765.423456
1585    2765.184471
1586    2765.749636
1587    2761.312936
1588    2764.454256
1589    2763.306601
1590    2762.092566
1591    2763.683102
1592    2763.450104
1593    2842.743093
1594    2866.435453
1595    2863.025796
1596    2866.052173
1597    2866.672697
1598    2843.876157
1599    2843.343457
1600    2762.283800
1601    2865.531464
1602    2865.824525
1603    2842.639291
1604    2865.553999
1605    2842.915155
1606    2762.983228
1607    2764.318258
1608    2843.844071
1609    2762.851185
1610    2763.385368
1611    2863.968897
1612    2866.369151
1613    2842.192529
1614    2759.523831
1615    2866.602938
1616    2840.918303
1617    2840.477482
1618    2762.196662
1619    2762.902296
1620    2764.759821
1621    2763.162625
1622    2865.670418
1623    2866.334148
1624    2866.045169
1625    2865.852270
1626    2866.124170
1627    2866.799059
1628    2859.987327
1629    2764.287002
1630    2865.661636
1631    2865.769735
1632    2840.655586
1633    2866.003331
1634    2842.862499
1635    2762.794630
1636    2841.764388
1637    2865.586847
1638    2842.773805
1639    2766.888250
1640    2842.091871
1641    2866.150579
1642    2842.185275
1643    2761.752862
1644    2759.937728
1645    2762.913393
1646    2764.401357
1647    2762.616831
1648    2843.147468
1649    2762.622166
1650    2763.807803
1651    2762.945361
1652    2765.842540
1653    2764.515809
1654    2762.279350
1655    2865.991593
1656    2866.130084
1657    2841.627624
1658    2765.300496
1659    2763.254644
1660    2766.755004
1661    2765.257221
1662    2763.733629
1663    2764.791586
1664    2865.675852
1665    2865.810847
1666    2865.528697
1667    2764.006357
1668    2840.043652
1669    2866.951713
1670    2864.962534
1671    2866.512948
1672    2865.453343
1673    2865.517263
1674    2866.553560
1675    2865.827683
1676    2865.988948
1677    2843.651878
1678    2866.135930
1679    2843.034061
1680    2764.713515
1681    2764.377597
1682    2765.941648
1683    2762.388025
1684    2841.769848
1685    2863.905571
1686    2866.806836
1687    2842.933840
1688    2763.973543
1689    2864.613496
1690    2843.029119
1691    2842.773603
1692    2843.260790
1693    2841.612493
1694    2842.270251
1695    2842.514377
1696    2842.785440
1697    2843.769824
1698    2841.900002
1699    2842.282814
1700    2841.154733
1701    2842.402852
1702    2841.909325
1703    2843.415548
1704    2866.395710
1705    2842.179302
1706    2841.759570
1707    2865.021275
1708    2841.343782
1709    2842.839438
1710    2866.155131
1711    2864.640065
1712    2841.713710
1713    2867.240826
1714    2865.950943
1715    2866.937414
1716    2865.412140
1717    2864.822288
1718    2865.067180
1719    2866.421158
1720    2866.452864
1721    2865.887244
1722    2862.503899
1723    2866.119617
1724    2866.255475
1725    2866.811871
1726    2865.181163
1727    2865.531321
1728    2865.943018
1729    2863.249547
1730    2863.223077
1731    2842.215256
1732    2843.021212
1733    2865.679538
1734    2865.814480
1735    2865.651987
1736    2866.081988
1737    2866.357534
1738    2866.128710
1739    2866.467165
1740    2866.557418
1741    2866.269133
1742    2865.923149
1743    2866.220379
1744    2842.430949
1745    2764.878379
1746    2866.162490
1747    2844.023622
1748    2840.983016
1749    2763.536812
1750    2762.665586
1751    2764.595830
1752    2866.346203
1753    2841.287798
1754    2763.400885
1755    2765.081317
1756    2764.032746
1757    2764.235033
1758    2764.162541
1759    2764.291450
1760    2764.911430
1761    2766.638181
1762    2764.941459
1763    2762.471492
1764    2764.142500
1765    2765.058347
1766    2764.625273
1767    2757.763611
1768    2764.167550
1769    2764.615020
1770    2763.289467
1771    2762.939008
1772    2765.294544
1773    2763.837219
1774    2763.456108
1775    2761.177554
1776    2763.302229
1777    2764.285085
1778    2764.443647
1779    2765.258481
1780    2762.714973
1781    2764.607869
1782    2762.958429
1783    2764.164728
1784    2766.357460
1785    2762.858417
1786    2761.862757
1787    2764.994648
1788    2764.773354
1789    2865.933732
1790    2865.669682
1791    2761.821620
1792    2763.966035
1793    2865.698240
1794    2762.956010
1795    2843.193125
1796    2842.307137
1797    2865.419030
1798    2762.666192
1799    2843.487680
1800    2841.656041
1801    2867.080544
1802    2761.517815
1803    2765.840480
1804    2763.769683
1805    2765.161475
1806    2765.837927
1807    2765.973332
1808    2841.028407
1809    2763.756180
1810    2842.672856
1811    2863.325337
1812    2842.480594
1813    2764.780868
1814    2843.335826
1815    2863.796235
1816    2842.898336
1817    2761.888749
1818    2843.663677
1819    2866.149678
1820    2843.195561
1821    2842.592143
1822    2843.657256
1823    2843.304583
1824    2765.621101
1825    2762.190679
1826    2764.847982
1827    2764.420213
1828    2763.333553
1829    2844.448882
1830    2865.898371
1831    2863.005635
1832    2764.629894
1833    2841.532789
1834    2841.032388
1835    2843.215725
1836    2842.968842
1837    2842.866080
1838    2762.825907
1839    2841.439442
1840    2864.320168
1841    2866.026635
1842    2766.196855
1843    2866.201216
1844    2865.213237
1845    2865.523321
1846    2763.582442
1847    2765.984155
1848    2842.685972
1849    2764.857324
1850    2760.526189
1851    2840.762051
1852    2866.330008
1853    2865.660257
1854    2865.166368
1855    2865.569014
1856    2842.430950
1857    2761.728137
1858    2837.925027
1859    2866.058450
1860    2865.836569
1861    2841.707326
1862    2763.962783
1863    2764.383597
1864    2865.819952
1865    2865.519797
1866    2866.202325
1867    2866.457717
1868    2865.870656
1869    2865.963957
1870    2866.271940
1871    2866.201459
1872    2865.919310
1873    2866.833608
1874    2865.384487
1875    2842.953506
1876    2765.288552
1877    2842.469279
1878    2866.443145
1879    2866.525894
1880    2867.276150
1881    2866.105594
1882    2864.967134
1883    2863.862129
1884    2865.636622
1885    2867.253102
1886    2866.141737
1887    2865.945957
1888    2862.547820
1889    2842.975109
1890    2864.955188
1891    2866.150696
1892    2865.896700
1893    2765.307327
1894    2763.998619
1895    2866.593990
1896    2864.559921
1897    2866.811894
1898    2866.918143
1899    2865.098564
1900    2864.259406
1901    2841.128529
1902    2865.635272
1903    2865.832277
1904    2765.078978
1905    2766.106670
1906    2842.241427
1907    2864.711013
1908    2866.373886
1909    2865.152115
1910    2865.560963
1911    2867.196368
1912    2866.049376
1913    2866.384067
1914    2866.790395
1915    2866.116025
1916    2866.416395
1917    2866.881771
1918    2865.047776
1919    2865.285124
1920    2864.991266
1921    2865.076700
1922    2866.502828
1923    2865.511484
1924    2865.990403
1925    2866.654329
1926    2866.566864
1927    2867.886554
1928    2866.673512
1929    2865.630413
1930    2865.229295
1931    2764.262614
1932    2865.320351
1933    2761.556617
1934    2763.792965
1935    2764.330341
1936    2766.456695
1937    2763.665064
1938    2760.834863
1939    2763.516139
1940    2762.087934
1941    2761.381326
1942    2764.416135
1943    2766.795342
1944    2762.422251
1945    2766.465262
1946    2765.898692
1947    2763.859822
1948    2766.174874
1949    2762.856749
1950    2764.307642
1951    2763.821267
1952    2866.173844
1953    2862.435461
1954    2866.575549
1955    2867.830736
1956    2865.216259
1957    2865.069540
1958    2866.529394
1959    2865.827079
1960    2866.095202
1961    2764.843670
1962    2765.283335
1963    2866.167235
1964    2763.775591
1965    2763.274117
1966    2765.812580
1967    2763.347874
1968    2867.713078
1969    2761.906211
1970    2864.193727
1971    2866.660627
1972    2866.885230
1973    2863.903824
1974    2763.293179
1975    2764.751114
1976    2764.401830
1977    2762.821088
1978    2762.497437
1979    2842.564914
1980    2859.895962
1981    2842.897107
1982    2765.552962
1983    2763.608278
1984    2762.338729
1985    2765.040011
1986    2764.623908
1987    2764.609595
1988    2766.982820
1989    2763.175665
1990    2761.335276
1991    2843.148619
1992    2762.499255
1993    2865.814195
1994    2841.513070
1995    2841.538740
1996    2762.672598
1997    2765.977052
1998    2765.897491
1999    2764.936212
