0    75.551890
1    116.854769
2    95.460308
3    73.317120
4    110.718387
5    76.386064
6    78.149910
7    72.801798
8    79.579234
9    90.565870
10    82.149083
11    85.406414
12    77.271029
13    178.506871
14    90.513671
15    95.333769
16    108.288997
17    104.611394
18    79.846106
19    83.090370
20    90.565870
21    90.762298
22    107.930569
23    111.708289
24    111.771036
25    109.981683
26    111.720461
27    95.464435
28    110.655444
29    111.704395
30    111.668475
31    176.812939
32    80.954979
33    106.738235
34    90.575520
35    106.081315
36    111.690110
37    107.933700
38    108.357012
39    104.521525
40    90.570136
41    76.174388
42    76.104793
43    76.597313
44    74.540496
45    75.700640
46    64.870851
47    76.327157
48    76.038314
49    67.052517
50    76.711091
51    61.050189
52    75.424826
53    73.464738
54    76.974345
55    85.389269
56    80.437402
57    76.301620
58    121.857810
59    65.671422
60    76.971377
61    82.054460
62    101.204734
63    92.251035
64    66.127417
65    85.792192
66    65.981982
67    101.375581
68    208.721441
69    146.979299
70    65.819216
71    192.283881
72    103.241568
73    72.381641
74    77.536417
75    64.878939
76    75.576283
77    77.283018
78    76.941461
79    78.178749
80    93.038919
81    85.323435
82    166.045767
83    107.872744
84    108.490294
85    85.642357
86    104.620193
87    110.179466
88    73.046296
89    185.410859
90    106.353949
91    90.612301
92    102.416618
93    110.474034
94    88.050119
95    104.547288
96    106.302537
97    85.590736
98    175.574190
99    75.332427
100    79.574050
101    72.363100
102    102.396751
103    202.745956
104    174.120656
105    100.511798
106    107.917497
107    108.374068
108    104.607870
109    108.444897
110    90.558797
111    90.553149
112    104.628311
113    85.574301
114    106.331264
115    111.601441
116    108.591416
117    105.861507
118    220.907611
119    360.702440
120    2459.529495
121    2459.787669
122    2497.230857
123    2533.889059
124    2573.450407
125    2623.519608
126    2764.682649
127    2671.647064
128    2667.908113
129    2623.508162
130    2763.993997
131    2842.405409
132    2864.552393
133    2841.513307
134    2864.292450
135    2886.084405
136    2866.988429
137    2887.277348
138    2806.278152
139    2631.283933
140    2788.777684
141    2857.139795
142    2865.596463
143    2886.777682
144    2866.651470
145    2845.206637
146    2807.382628
147    2811.156463
148    2805.602214
149    2845.225556
150    2842.069001
151    2807.918502
152    2866.328494
153    2843.296610
154    2862.167671
155    2841.552947
156    2806.874139
157    2862.884256
158    2864.519502
159    2808.457951
160    2806.818822
161    2810.556720
162    2777.318039
163    2775.519726
164    2775.694652
165    2775.040011
166    2808.321714
167    2843.641260
168    2863.879993
169    2883.876283
170    2887.246330
171    2887.275945
172    2817.178895
173    2802.282568
174    2800.313011
175    2761.142019
176    2763.736096
177    2839.778244
178    2757.895020
179    2671.383391
180    2627.260551
181    2583.648489
182    2538.274072
183    2509.437623
184    2452.709764
185    2497.718209
186    2495.958577
187    2496.461303
188    2498.469361
189    2535.168553
190    2460.860339
191    2497.937864
192    2535.671268
193    2459.718047
194    2536.763879
195    2624.003101
196    2626.984245
197    2626.784842
198    2760.767663
199    2862.022529
200    2767.360743
201    2623.926922
202    2535.993556
203    2627.224215
204    2762.553927
205    2835.997382
206    2865.333114
207    2752.273349
208    2573.592490
209    2538.269705
210    2496.310506
211    2459.768381
212    105.403620
213    213.812920
214    2458.025509
215    2536.392318
216    2507.552349
217    2499.006283
218    2456.184996
219    2497.306579
220    2459.128635
221    295.732098
222    110.671467
223    103.244390
224    2410.410567
225    2462.453778
226    103.312303
227    226.619827
228    2460.149911
229    2458.373404
230    2496.891700
231    2536.720954
232    2610.175333
233    2710.774064
234    2748.160765
235    2612.532313
236    2749.260083
237    2629.086352
238    2623.754802
239    2622.128310
240    2624.731675
241    2534.454602
242    2498.136180
243    2535.261449
244    2458.106179
245    2535.346866
246    2495.686602
247    2457.919276
248    2596.111256
249    2524.319801
250    2766.293584
251    2733.147009
252    2837.794810
253    2864.019027
254    2859.636638
255    2839.349834
256    2881.353631
257    2866.205871
258    2866.001692
259    2845.129748
260    2809.461640
261    2807.688844
262    2843.815138
263    2865.960939
264    2886.686774
265    2865.434551
266    2862.820917
267    2864.074851
268    2865.176877
269    2866.003590
270    2887.008173
271    2865.214293
272    2862.991155
273    2865.222620
274    2885.711479
275    2855.641700
276    2865.425393
277    2865.158064
278    2866.159466
279    2765.698378
280    2834.581285
281    2841.733747
282    2842.409951
283    2839.997271
284    2839.719828
285    2836.914181
286    2757.607450
287    2671.332055
288    2559.199339
289    2666.217300
290    2761.903180
291    2864.204548
292    2886.847690
293    2833.155614
294    2864.403738
295    2843.985036
296    2802.862418
297    2775.341928
298    2775.773552
299    2809.972917
300    2844.253108
301    2807.053439
302    2776.160192
303    2808.217357
304    2775.712130
305    2808.781806
306    2865.998813
307    2866.198766
308    2887.517165
309    2865.363098
310    2864.691639
311    2743.272681
312    2546.281635
313    2535.480161
314    2514.324464
315    2449.576286
316    259.841930
317    215.438173
318    284.055577
319    152.019606
320    206.567770
321    163.148558
322    155.665022
323    171.662800
324    178.610597
325    165.820767
326    231.836976
327    161.781360
328    109.694955
329    155.925539
330    149.540515
331    218.407823
332    150.323014
333    221.798704
334    294.674993
335    163.652567
336    284.351029
337    219.907896
338    211.824229
339    329.067409
340    2490.596181
341    2533.741628
342    2624.705536
343    2538.638433
344    2573.210527
345    2625.335367
346    2668.609086
347    2762.831716
348    2621.203504
349    2622.773442
350    2672.535810
351    2625.515485
352    2572.300530
353    2624.317134
354    2760.670687
355    2668.529487
356    2764.541606
357    2863.027126
358    2866.257377
359    2845.677619
360    2807.226007
361    2846.277143
362    2861.589584
363    2885.749414
364    2865.909479
365    2806.022150
366    2777.274946
367    2806.671179
368    2844.901080
369    2844.778645
370    2842.994144
371    2866.271392
372    2865.068735
373    2842.385321
374    2865.681939
375    2886.881417
376    2867.293369
377    2841.835625
378    2861.732258
379    2866.303898
380    2887.463718
381    2867.482563
382    2865.648788
383    2886.607930
384    2863.757271
385    2866.367268
386    2866.505831
387    2863.710106
388    2865.057815
389    2767.095398
390    2590.067317
391    2743.326118
392    2735.590949
393    2624.252237
394    2535.855471
395    2624.932185
396    2762.872817
397    2864.337319
398    2862.641833
399    2886.209521
400    2863.750807
401    2886.779943
402    2843.848395
403    2838.320039
404    2807.352823
405    2806.924944
406    2777.260381
407    2808.863652
408    2838.914122
409    2781.834463
410    2844.627968
411    2837.604363
412    2825.012819
413    2759.984777
414    2828.659755
415    2758.823292
416    2836.827806
417    2777.155152
418    2671.055150
419    2624.432881
420    2536.232157
421    2497.132931
422    2458.442656
423    2459.374956
424    2497.322431
425    2532.836217
426    2500.289884
427    2458.323335
428    2464.336748
429    2497.959307
430    2536.805260
431    2621.648377
432    2664.262569
433    2623.560334
434    2573.538875
435    2537.549910
436    2622.847335
437    2489.045658
438    2537.550784
439    2496.597172
440    2460.994233
441    2361.334423
442    2459.327220
443    2498.429597
444    2498.716435
445    2537.127499
446    2573.396254
447    2626.739974
448    2537.619522
449    2626.007922
450    2573.602314
451    2535.997728
452    2497.822258
453    349.762173
454    276.140602
455    224.488845
456    184.745863
457    166.028254
458    279.924622
459    153.739555
460    159.841605
461    2378.425532
462    289.075603
463    105.498829
464    2464.723403
465    2535.556042
466    2650.712123
467    2766.153522
468    2625.805995
469    2670.466612
470    2666.032347
471    2763.359549
472    2765.574140
473    2626.056517
474    2761.986168
475    2829.513213
476    2827.603654
477    2833.804257
478    2763.544395
479    2668.145839
480    2626.109165
481    2575.425609
482    2535.447593
483    2371.715437
484    101.729862
485    113.406827
486    111.780382
487    107.926386
488    108.025227
489    110.678686
490    105.850067
491    103.284454
492    105.405552
493    108.007083
494    108.589677
495    111.362571
496    165.276928
497    103.244174
498    108.586463
499    110.682739
500    105.882848
501    105.882547
502    105.971679
503    110.379258
504    103.293297
505    103.308069
506    156.024026
507    107.982539
508    105.874008
509    107.902418
510    103.264713
511    105.883742
512    103.279601
513    105.863179
514    103.405844
515    105.400360
516    101.433360
517    103.428079
518    2457.394245
519    160.606329
520    145.503017
521    162.833842
522    103.277201
523    105.846559
524    110.742563
525    111.736475
526    111.708231
527    111.714863
528    108.621471
529    105.307591
530    2455.952099
531    228.683649
532    2458.319250
533    158.582688
534    2459.800372
535    2460.773267
536    105.405552
537    107.867703
538    162.619657
539    147.776405
540    2457.836170
541    2461.856456
542    2459.370645
543    2462.847971
544    2459.970386
545    2458.497049
546    2459.927383
547    2459.539106
548    2459.915926
549    294.114136
550    103.273029
551    103.337223
552    2460.818963
553    2460.455408
554    2461.478050
555    2461.928928
556    2457.090556
557    2455.652583
558    2460.852242
559    2459.375162
560    2459.432249
561    287.791968
562    2415.222930
563    101.010651
564    215.765501
565    2410.646435
566    2458.266652
567    2457.861717
568    2459.340501
569    102.679640
570    2536.158179
571    2535.745916
572    2538.645266
573    2535.604772
574    2537.627360
575    2536.815842
576    2536.878420
577    2625.622085
578    2623.663046
579    2626.359761
580    2623.892320
581    2623.171774
582    2622.476039
583    2624.828366
584    2626.088238
585    2626.011321
586    2623.749353
587    2624.908394
588    2625.251631
589    2625.701723
590    2620.896158
591    2627.023202
592    2620.374855
593    2624.137379
594    2621.139065
595    2624.633121
596    2623.278835
597    2764.298666
598    2767.915259
599    2765.168217
600    2761.177436
601    2762.843739
602    2626.003704
603    2764.664400
604    2769.388495
605    2769.068223
606    2768.892523
607    2761.390806
608    2765.236286
609    2765.028632
610    2765.571163
611    2764.136863
612    2764.181011
613    2755.673363
614    2833.491533
615    2839.379990
616    2840.219318
617    2836.321685
618    2837.250450
619    2837.275229
620    2834.884039
621    2839.683386
622    2766.443509
623    2763.131270
624    2838.429849
625    2770.168312
626    2761.989121
627    2770.904467
628    2840.157547
629    2837.200059
630    2834.917909
631    2832.096297
632    2840.191331
633    2835.679372
634    2846.196420
635    2825.513691
636    2824.699553
637    2848.766071
638    2837.831564
639    2842.924781
640    2829.831234
641    2831.483232
642    2838.851760
643    2836.647972
644    2829.491860
645    2849.456460
646    2843.824327
647    2844.136362
648    2840.675220
649    2835.617650
650    2851.586147
651    2838.719150
652    2840.856672
653    2837.223163
654    2764.670868
655    2763.542575
656    2845.305752
657    2760.807058
658    2831.483286
659    2844.501859
660    2756.062216
661    2767.197331
662    2766.408502
663    2838.226695
664    2839.185283
665    2838.686827
666    2838.838873
667    2840.473531
668    2839.432238
669    2763.803854
670    2841.023147
671    2833.096375
672    2817.518709
673    2809.588796
674    2807.949135
675    2808.109885
676    2805.865614
677    2808.035885
678    2809.769776
679    2811.923015
680    2806.040310
681    2808.125238
682    2807.412571
683    2808.938347
684    2807.404055
685    2808.100095
686    2808.551814
687    2809.575098
688    2810.249880
689    2808.182070
690    2808.517902
691    2808.326331
692    2806.026842
693    2809.701476
694    2808.434870
695    2808.320133
696    2808.190610
697    2810.604334
698    2808.955115
699    2844.244122
700    2808.571353
701    2805.629574
702    2806.447572
703    2808.356819
704    2779.199099
705    2808.454167
706    2810.548546
707    2806.891101
708    2806.498694
709    2808.209009
710    2838.941596
711    2841.467537
712    2807.648525
713    2843.837233
714    2809.281475
715    2841.843955
716    2811.539382
717    2842.050159
718    2808.118306
719    2840.905076
720    2806.384856
721    2803.985472
722    2807.536243
723    2807.271670
724    2806.162983
725    2844.985435
726    2808.992409
727    2844.228354
728    2807.755939
729    2807.406967
730    2808.256419
731    2777.158997
732    2775.849825
733    2777.218267
734    2775.569429
735    2808.192624
736    2805.614420
737    2844.779726
738    2806.621397
739    2779.075995
740    2809.782953
741    2806.506394
742    2845.346768
743    2806.359456
744    2775.661947
745    2775.884830
746    2808.355994
747    2777.852954
748    2807.236287
749    2806.660220
750    2806.869833
751    2807.476218
752    2809.479221
753    2808.819904
754    2806.532428
755    2807.677416
756    2808.888964
757    2806.335681
758    2776.280354
759    2808.596660
760    2808.898454
761    2840.497017
762    2808.657376
763    2843.236535
764    2807.444820
765    2841.902770
766    2809.508285
767    2808.475041
768    2776.585497
769    2807.328261
770    2809.012837
771    2844.477363
772    2807.093796
773    2776.671340
774    2799.333351
775    2776.654587
776    2775.845282
777    2777.446806
778    2806.887081
779    2842.754493
780    2809.114720
781    2841.363040
782    2844.417949
783    2844.518406
784    2808.278559
785    2776.867768
786    2778.372979
787    2809.842087
788    2844.297090
789    2808.411747
790    2776.893242
791    2808.803988
792    2775.910967
793    2807.422668
794    2777.629683
795    2776.480050
796    2808.654456
797    2806.269112
798    2839.566446
799    2808.716048
800    2807.898213
801    2845.837564
802    2865.734807
803    2808.986009
804    2839.042637
805    2844.335683
806    2841.873665
807    2843.713477
808    2808.151553
809    2808.222801
810    2842.590078
811    2809.887789
812    2776.182596
813    2805.506663
814    2845.062686
815    2807.756829
816    2866.095592
817    2866.271109
818    2863.136421
819    2843.908658
820    2810.896705
821    2807.765149
822    2840.092091
823    2806.820522
824    2847.553812
825    2807.831268
826    2775.083753
827    2834.627982
828    2798.273976
829    2807.465780
830    2776.173795
831    2777.082388
832    2776.700669
833    2777.261100
834    2808.819011
835    2776.290236
836    2801.004249
837    2775.968170
838    2775.813093
839    2777.871506
840    2775.815138
841    2806.391172
842    2777.731112
843    2775.843871
844    2808.413664
845    2807.962247
846    2774.772669
847    2807.805727
848    2804.170541
849    2808.754155
850    2866.713565
851    2808.102974
852    2807.919570
853    2808.188566
854    2775.986988
855    2776.927974
856    2807.153265
857    2775.742643
858    2807.324446
859    2806.685232
860    2775.774264
861    2807.681167
862    2775.532150
863    2775.640798
864    2807.922419
865    2808.405104
866    2865.959704
867    2842.667674
868    2807.364452
869    2809.470096
870    2844.084863
871    2863.999247
872    2807.502058
873    2779.221894
874    2808.128675
875    2774.946154
876    2808.426991
877    2776.228566
878    2805.771596
879    2808.060215
880    2774.780747
881    2808.239384
882    2844.948156
883    2844.904714
884    2807.212054
885    2807.716978
886    2777.584239
887    2777.260184
888    2808.544557
889    2863.280799
890    2862.170630
891    2808.966268
892    2808.448851
893    2845.118755
894    2865.636014
895    2866.515809
896    2863.354121
897    2865.318609
898    2867.224991
899    2861.609136
900    2865.195498
901    2865.734084
902    2864.794429
903    2865.556643
904    2865.694651
905    2865.039979
906    2843.953313
907    2809.000874
908    2846.037505
909    2843.520325
910    2845.632956
911    2845.444214
912    2843.584173
913    2845.147065
914    2866.058561
915    2846.697491
916    2840.161010
917    2865.521509
918    2845.109155
919    2844.245107
920    2864.636821
921    2844.740023
922    2804.795209
923    2808.755635
924    2775.419426
925    2806.625971
926    2775.747198
927    2779.022057
928    2808.081390
929    2805.395180
930    2778.349240
931    2809.128491
932    2777.295098
933    2807.888086
934    2776.721544
935    2809.885557
936    2776.622414
937    2776.329439
938    2808.635927
939    2808.586713
940    2865.586298
941    2865.391914
942    2866.827922
943    2866.713406
944    2866.926520
945    2866.324476
946    2867.238612
947    2866.524936
948    2865.194480
949    2843.712035
950    2808.963140
951    2808.692392
952    2808.091983
953    2865.554886
954    2867.574688
955    2844.455871
956    2808.195448
957    2808.331908
958    2846.011271
959    2867.242125
960    2809.381071
961    2776.576972
962    2804.771616
963    2837.861329
964    2848.935150
965    2821.860371
966    2826.373655
967    2826.565824
968    2838.350730
969    2777.187129
970    2777.173397
971    2774.586065
972    2808.106456
973    2843.191179
974    2866.481756
975    2810.157596
976    2843.186855
977    2840.142150
978    2807.518322
979    2808.330568
980    2775.353961
981    2776.644775
982    2807.798841
983    2777.742448
984    2775.231398
985    2806.732853
986    2776.863756
987    2811.402453
988    2773.590181
989    2807.240039
990    2775.905541
991    2809.833445
992    2808.847037
993    2809.383159
994    2866.863156
995    2866.566644
996    2865.620246
997    2861.862128
998    2864.970728
999    2806.976757
1000    2806.688279
1001    2806.692263
1002    2806.558821
1003    2808.464702
1004    2807.299497
1005    2807.922970
1006    2806.151776
1007    2808.022170
1008    2806.733547
1009    2805.643912
1010    2806.785231
1011    2774.968811
1012    2806.274689
1013    2807.019912
1014    2805.701238
1015    2773.595617
1016    2807.023166
1017    2774.885701
1018    2808.054683
1019    2772.166035
1020    2773.816228
1021    2806.395760
1022    2773.823740
1023    2808.113317
1024    2805.865949
1025    2805.920955
1026    2774.404535
1027    2808.404152
1028    2773.801790
1029    2774.091528
1030    2806.099852
1031    2843.228105
1032    2807.114746
1033    2807.279992
1034    2844.649852
1035    2844.469603
1036    2806.162023
1037    2808.364162
1038    2775.287108
1039    2807.120833
1040    2777.099444
1041    2806.413245
1042    2773.936114
1043    2807.684166
1044    2774.079840
1045    2774.140765
1046    2805.936467
1047    2774.167056
1048    2806.964511
1049    2805.472232
1050    2845.475867
1051    2844.890945
1052    2807.312846
1053    2805.965598
1054    2844.112330
1055    2844.633547
1056    2806.624475
1057    2845.345152
1058    2839.247524
1059    2844.252274
1060    2806.410620
1061    2844.616684
1062    2842.969394
1063    2808.048268
1064    2807.236284
1065    2841.446596
1066    2845.349970
1067    2806.841376
1068    2807.530394
1069    2867.167649
1070    2867.113372
1071    2866.596502
1072    2865.144394
1073    2866.019572
1074    2865.322197
1075    2867.351359
1076    2866.978979
1077    2866.398647
1078    2806.766283
1079    2804.662555
1080    2807.731539
1081    2808.335274
1082    2807.661712
1083    2806.812394
1084    2807.748133
1085    2867.297340
1086    2866.623328
1087    2867.994162
1088    2844.690084
1089    2805.812027
1090    2844.549229
1091    2866.039068
1092    2866.647115
1093    2866.566132
1094    2866.658547
1095    2865.665653
1096    2841.208764
1097    2867.061024
1098    2807.957644
1099    2806.810255
1100    2806.800406
1101    2774.338468
1102    2804.782115
1103    2774.104721
1104    2807.182592
1105    2773.914552
1106    2773.872975
1107    2806.686549
1108    2806.988557
1109    2806.775595
1110    2843.332198
1111    2844.346164
1112    2865.317308
1113    2865.378949
1114    2867.173400
1115    2866.947961
1116    2805.372378
1117    2865.208075
1118    2866.899865
1119    2866.950673
1120    2866.653506
1121    2864.756573
1122    2864.555460
1123    2866.833115
1124    2866.472944
1125    2867.259656
1126    2867.577944
1127    2867.338379
1128    2867.516971
1129    2867.557740
1130    2865.492550
1131    2863.784891
1132    2866.269764
1133    2865.382986
1134    2867.375003
1135    2867.235819
1136    2867.091621
1137    2867.273303
1138    2865.462265
1139    2867.056045
1140    2867.042616
1141    2864.466420
1142    2866.985393
1143    2867.871650
1144    2808.771538
1145    2867.106555
1146    2867.928543
1147    2866.862061
1148    2866.664881
1149    2806.174106
1150    2807.384654
1151    2867.739200
1152    2867.608438
1153    2863.130511
1154    2844.155972
1155    2806.741024
1156    2805.491487
1157    2866.825862
1158    2866.876605
1159    2866.762882
1160    2866.337677
1161    2867.100394
1162    2866.884969
1163    2865.180455
1164    2807.025325
1165    2865.193139
1166    2807.327926
1167    2806.834623
1168    2866.510892
1169    2806.482925
1170    2843.054337
1171    2867.180542
1172    2866.708037
1173    2867.125121
1174    2864.441635
1175    2842.352168
1176    2807.399778
1177    2806.730628
1178    2806.360558
1179    2807.386107
1180    2807.129019
1181    2843.550807
1182    2863.970234
1183    2867.080411
1184    2867.397423
1185    2866.031406
1186    2867.596662
1187    2864.900897
1188    2867.439094
1189    2866.450847
1190    2867.073035
1191    2865.535331
1192    2842.568382
1193    2866.497072
1194    2866.675653
1195    2806.797226
1196    2845.136256
1197    2867.566426
1198    2864.877281
1199    2867.432785
1200    2866.894897
1201    2866.978490
1202    2866.610559
1203    2806.989009
1204    2807.812994
1205    2806.897075
1206    2805.982038
1207    2865.764042
1208    2844.972319
1209    2806.297579
1210    2866.890559
1211    2842.924242
1212    2842.470671
1213    2845.319140
1214    2844.262992
1215    2844.583787
1216    2806.123653
1217    2803.507833
1218    2806.679729
1219    2807.044516
1220    2807.822961
1221    2806.447740
1222    2806.166597
1223    2806.195074
1224    2806.697282
1225    2806.772124
1226    2806.788060
1227    2806.740128
1228    2806.867357
1229    2807.350789
1230    2807.796747
1231    2806.318113
1232    2806.695547
1233    2808.045155
1234    2806.848097
1235    2774.493076
1236    2807.024936
1237    2774.258152
1238    2806.713484
1239    2774.500099
1240    2773.711152
1241    2806.453921
1242    2808.154247
1243    2806.054757
1244    2773.998820
1245    2774.729607
1246    2775.228644
1247    2774.726430
1248    2775.001399
1249    2774.544944
1250    2774.426587
1251    2774.721270
1252    2773.764610
1253    2773.698833
1254    2806.484587
1255    2773.904634
1256    2810.858692
1257    2864.345627
1258    2866.051024
1259    2864.596080
1260    2862.938779
1261    2867.183642
1262    2864.091699
1263    2866.708732
1264    2867.198671
1265    2867.742229
1266    2864.636123
1267    2865.746842
1268    2865.631516
1269    2866.514361
1270    2865.693853
1271    2866.793373
1272    2866.148452
1273    2865.952547
1274    2866.596779
1275    2866.928748
1276    2866.024208
1277    2865.996513
1278    2866.919667
1279    2866.506784
1280    2866.775264
1281    2866.616579
1282    2861.837147
1283    2866.323556
1284    2866.064182
1285    2865.813473
1286    2864.529817
1287    2866.900408
1288    2865.817683
1289    2866.462895
1290    2867.286175
1291    2866.438007
1292    2866.188506
1293    2866.112037
1294    2866.745056
1295    2865.868935
1296    2866.549547
1297    2866.649222
1298    2865.920140
1299    2866.184352
1300    2866.368921
1301    2865.569054
1302    2865.766481
1303    2867.583965
1304    2867.581537
1305    2866.545653
1306    2864.573657
1307    2866.628970
1308    2865.586689
1309    2866.464838
1310    2863.478711
1311    2866.959827
1312    2865.188877
1313    2865.907719
1314    2865.181345
1315    2867.042374
1316    2866.699159
1317    2867.238246
1318    2866.708650
1319    2866.173775
1320    2866.434114
1321    2866.980961
1322    2863.571883
1323    2867.431894
1324    2863.689182
1325    2868.222440
1326    2867.961614
1327    2866.955154
1328    2867.415459
1329    2866.851974
1330    2868.104349
1331    2867.323853
1332    2806.784025
1333    2865.137105
1334    2867.124245
1335    2866.749210
1336    2843.979102
1337    2806.842546
1338    2805.813616
1339    2844.806372
1340    2864.615098
1341    2863.420791
1342    2806.553106
1343    2844.442875
1344    2867.351656
1345    2866.511533
1346    2867.718304
1347    2845.023684
1348    2866.806417
1349    2866.983990
1350    2864.770393
1351    2866.684956
1352    2865.601344
1353    2865.219663
1354    2866.385741
1355    2864.005011
1356    2887.583560
1357    2887.625974
1358    2867.057881
1359    2866.991336
1360    2862.719791
1361    2888.158064
1362    2867.197441
1363    2867.107557
1364    2866.340267
1365    2867.020009
1366    2887.959157
1367    2867.110220
1368    2867.463590
1369    2866.927843
1370    2866.793073
1371    2840.981406
1372    2844.976194
1373    2844.211902
1374    2845.066386
1375    2867.172348
1376    2866.777513
1377    2888.420687
1378    2888.797306
1379    2867.513963
1380    2888.033099
1381    2865.978038
1382    2888.044683
1383    2867.099611
1384    2864.982573
1385    2866.793775
1386    2845.290959
1387    2866.043065
1388    2844.801551
1389    2807.629527
1390    2807.423610
1391    2843.436518
1392    2846.448438
1393    2844.201269
1394    2805.600386
1395    2816.184653
1396    2839.181556
1397    2815.984793
1398    2773.593171
1399    2774.610542
1400    2774.955481
1401    2774.263896
1402    2807.074953
1403    2844.505637
1404    2866.957195
1405    2806.729820
1406    2842.999455
1407    2845.097074
1408    2867.385124
1409    2809.087256
1410    2845.095798
1411    2844.653316
1412    2864.284774
1413    2866.961487
1414    2806.730248
1415    2841.677680
1416    2865.274714
1417    2843.875002
1418    2844.560274
1419    2807.504135
1420    2864.964355
1421    2867.761435
1422    2844.460881
1423    2867.465894
1424    2844.871741
1425    2806.329815
1426    2806.346141
1427    2806.644700
1428    2806.724106
1429    2808.163721
1430    2806.667469
1431    2806.871280
1432    2774.243432
1433    2807.868500
1434    2805.955432
1435    2774.561568
1436    2806.440815
1437    2806.362156
1438    2774.150543
1439    2806.409477
1440    2844.652100
1441    2808.100939
1442    2844.383264
1443    2846.093013
1444    2843.989421
1445    2843.949855
1446    2844.217178
1447    2807.173150
1448    2806.237071
1449    2867.272289
1450    2865.171409
1451    2807.224617
1452    2866.643456
1453    2867.168950
1454    2888.122231
1455    2867.010769
1456    2866.018303
1457    2865.177662
1458    2866.154261
1459    2888.039471
1460    2888.591737
1461    2866.821058
1462    2866.957214
1463    2866.998262
1464    2888.080412
1465    2867.023761
1466    2888.703264
1467    2866.267149
1468    2866.155182
1469    2864.515853
1470    2887.863435
1471    2866.449468
1472    2866.500820
1473    2866.638242
1474    2865.761336
1475    2866.188289
1476    2865.943812
1477    2866.454136
1478    2866.319903
1479    2866.528056
1480    2866.459646
1481    2866.368163
1482    2866.041045
1483    2865.203315
1484    2866.413517
1485    2865.269688
1486    2866.982990
1487    2888.060890
1488    2887.435207
1489    2866.377979
1490    2866.189623
1491    2865.664384
1492    2866.427342
1493    2867.182913
1494    2866.989746
1495    2807.978256
1496    2839.142025
1497    2844.706470
1498    2866.117245
1499    2805.701015
1500    2843.199819
1501    2842.532044
1502    2844.834604
1503    2843.595100
1504    2843.566472
1505    2845.564881
1506    2844.371717
1507    2843.846624
1508    2842.399729
1509    2840.435327
1510    2842.710792
1511    2843.342899
1512    2845.157205
1513    2844.118960
1514    2864.909990
1515    2867.685749
1516    2844.263593
1517    2867.498996
1518    2839.784036
1519    2806.910637
1520    2842.488687
1521    2867.219235
1522    2843.579777
1523    2807.254639
1524    2806.818531
1525    2807.136437
1526    2806.794550
1527    2808.496842
1528    2844.629180
1529    2806.800165
1530    2807.044550
1531    2806.180324
1532    2806.902024
1533    2841.016328
1534    2809.783256
1535    2806.873535
1536    2807.599497
1537    2807.317462
1538    2845.054812
1539    2843.913810
1540    2842.187942
1541    2843.385821
1542    2842.949558
1543    2866.928501
1544    2844.525563
1545    2843.963183
1546    2865.035495
1547    2862.620634
1548    2845.030032
1549    2865.817438
1550    2810.195052
1551    2807.997504
1552    2845.048128
1553    2806.526802
1554    2844.511379
1555    2866.823231
1556    2844.265897
1557    2807.025186
1558    2807.186139
1559    2843.775457
1560    2866.978386
1561    2807.209516
1562    2807.099206
1563    2802.197900
1564    2804.867780
1565    2806.865135
1566    2806.555543
1567    2807.028667
1568    2806.652969
1569    2807.693386
1570    2807.242126
1571    2806.561198
1572    2810.388431
1573    2806.574981
1574    2807.443273
1575    2845.075723
1576    2804.986086
1577    2844.348613
1578    2867.202940
1579    2844.477904
1580    2806.470427
1581    2804.023268
1582    2805.633347
1583    2806.416503
1584    2845.374146
1585    2866.278938
1586    2842.572607
1587    2807.058530
1588    2808.215092
1589    2807.022156
1590    2806.202522
1591    2844.521668
1592    2866.974501
1593    2867.370542
1594    2806.891492
1595    2844.950495
1596    2867.726077
1597    2866.974798
1598    2843.866095
1599    2868.170429
1600    2806.936209
1601    2807.369294
1602    2808.800311
1603    2807.614341
1604    2844.209005
1605    2844.653554
1606    2865.981432
1607    2807.272371
1608    2806.213865
1609    2844.969474
1610    2807.548033
1611    2845.017509
1612    2843.174767
1613    2844.677352
1614    2843.955156
1615    2867.047748
1616    2842.030798
1617    2844.678216
1618    2865.367836
1619    2841.521557
1620    2841.526377
1621    2844.202242
1622    2843.364138
1623    2865.952788
1624    2842.012083
1625    2842.524114
1626    2866.761895
1627    2867.562151
1628    2844.683186
1629    2867.884493
1630    2844.243708
1631    2809.954278
1632    2806.981509
1633    2806.607189
1634    2806.523959
1635    2806.735619
1636    2806.518624
1637    2807.154811
1638    2837.596434
1639    2867.506366
1640    2866.514585
1641    2808.794719
1642    2809.397104
1643    2806.722572
1644    2805.856133
1645    2805.925106
1646    2844.690249
1647    2867.135018
1648    2867.061443
1649    2867.204766
1650    2867.917955
1651    2805.651531
1652    2806.773912
1653    2807.337267
1654    2807.371929
1655    2806.267050
1656    2844.974809
1657    2806.551243
1658    2841.288740
1659    2866.535758
1660    2864.087766
1661    2843.312160
1662    2865.123351
1663    2806.897194
1664    2844.930870
1665    2844.687419
1666    2864.198523
1667    2866.922791
1668    2865.940973
1669    2864.681033
1670    2867.021172
1671    2867.370473
1672    2867.503454
1673    2866.573022
1674    2867.101097
1675    2867.384441
1676    2867.350795
1677    2868.013847
1678    2867.182767
1679    2867.341702
1680    2866.655270
1681    2864.657277
1682    2806.840818
1683    2807.300329
1684    2844.706675
1685    2807.134952
1686    2845.780220
1687    2867.077358
1688    2841.524889
1689    2808.939325
1690    2845.105031
1691    2844.966731
1692    2843.238335
1693    2843.232008
1694    2865.712169
1695    2845.394970
1696    2806.370984
1697    2808.013846
1698    2806.832417
1699    2806.752613
1700    2844.650131
1701    2867.127263
1702    2811.363245
1703    2844.752962
1704    2844.528889
1705    2842.413424
1706    2845.301560
1707    2865.825145
1708    2844.611861
1709    2806.496441
1710    2806.570987
1711    2805.694254
1712    2806.085610
1713    2808.104350
1714    2843.216805
1715    2807.417195
1716    2806.481093
1717    2866.955541
1718    2845.331651
1719    2808.655318
1720    2807.379961
1721    2844.799016
1722    2806.650708
1723    2807.176358
1724    2866.280932
1725    2867.394492
1726    2843.245384
1727    2808.595937
1728    2866.828049
1729    2866.426709
1730    2843.335258
1731    2867.194960
1732    2866.655167
1733    2842.671354
1734    2807.108300
1735    2806.927683
1736    2807.045546
1737    2807.296504
1738    2807.885328
1739    2806.616279
1740    2806.891350
1741    2806.950341
1742    2867.613437
1743    2866.955175
1744    2808.303375
1745    2806.587700
1746    2805.713818
1747    2807.883673
1748    2807.041367
1749    2804.165148
1750    2805.954693
1751    2805.937107
1752    2845.137889
1753    2867.112220
1754    2806.409051
1755    2806.590063
1756    2807.047439
1757    2805.991847
1758    2844.196921
1759    2844.012528
1760    2864.018010
1761    2807.130742
1762    2844.899274
1763    2843.196301
1764    2866.997011
1765    2808.598992
1766    2806.189870
1767    2844.905215
1768    2807.701214
1769    2806.716085
1770    2845.062590
1771    2866.064394
1772    2805.283224
1773    2806.205167
1774    2806.770599
1775    2806.547273
1776    2808.108879
1777    2841.256113
1778    2806.507097
1779    2806.874981
1780    2844.435518
1781    2842.298955
1782    2843.360835
1783    2845.468943
1784    2806.277958
1785    2805.077174
1786    2843.311766
1787    2807.004741
1788    2843.076533
1789    2807.165898
1790    2806.051028
1791    2844.520422
1792    2861.469522
1793    2865.377026
1794    2867.313104
1795    2866.817756
1796    2867.297451
1797    2864.218618
1798    2844.425746
1799    2844.254898
1800    2866.595985
1801    2841.485767
1802    2806.850016
1803    2807.082029
1804    2843.738883
1805    2807.007348
1806    2806.948102
1807    2807.818877
1808    2806.212151
1809    2867.700500
1810    2866.704824
1811    2865.592033
1812    2867.514124
1813    2867.234079
1814    2867.106516
1815    2867.118074
1816    2867.909047
1817    2867.230968
1818    2867.291837
1819    2865.234847
1820    2867.176638
1821    2864.020233
1822    2867.206950
1823    2867.127687
1824    2866.760489
1825    2867.352091
1826    2840.378496
1827    2867.241541
1828    2844.284461
1829    2844.119856
1830    2866.021850
1831    2866.575568
1832    2867.269053
1833    2867.623267
1834    2865.878880
1835    2864.443104
1836    2865.978605
1837    2844.751195
1838    2844.556970
1839    2866.931828
1840    2842.576843
1841    2844.701676
1842    2867.927531
1843    2867.567021
1844    2866.485175
1845    2866.128612
1846    2865.782708
1847    2865.849001
1848    2865.774719
1849    2865.033051
1850    2865.715252
1851    2866.980364
1852    2864.136354
1853    2865.240535
1854    2867.267742
1855    2846.103629
1856    2810.391167
1857    2807.119497
1858    2866.724250
1859    2866.398623
1860    2844.971490
1861    2805.803652
1862    2867.471220
1863    2844.628313
1864    2844.439325
1865    2804.475247
1866    2868.081905
1867    2865.658262
1868    2842.977786
1869    2866.919466
1870    2806.842230
1871    2806.669950
1872    2843.229602
1873    2806.162958
1874    2807.069134
1875    2806.911487
1876    2806.896047
1877    2807.485570
1878    2806.409905
1879    2807.958982
1880    2806.074426
1881    2807.767188
1882    2806.766738
1883    2806.027892
1884    2806.092487
1885    2807.225925
1886    2809.218749
1887    2806.682079
1888    2807.060547
1889    2806.837515
1890    2806.301991
1891    2808.072855
1892    2806.839817
1893    2807.653995
1894    2807.296022
1895    2806.261796
1896    2810.317500
1897    2807.272334
1898    2806.542269
1899    2805.446645
1900    2806.851167
1901    2806.478562
1902    2806.921339
1903    2807.128459
1904    2806.850382
1905    2807.543943
1906    2807.168107
1907    2807.846065
1908    2806.737718
1909    2806.944503
1910    2808.040533
1911    2806.498825
1912    2806.826909
1913    2806.083503
1914    2807.274817
1915    2807.089394
1916    2806.113073
1917    2807.566326
1918    2842.650893
1919    2865.912980
1920    2844.644608
1921    2806.397259
1922    2806.797071
1923    2843.477889
1924    2867.459290
1925    2806.949778
1926    2807.220987
1927    2843.824480
1928    2808.503483
1929    2806.840553
1930    2844.904045
1931    2865.891922
1932    2806.845269
1933    2842.222631
1934    2867.120119
1935    2867.175198
1936    2843.290866
1937    2807.510077
1938    2807.638559
1939    2867.124014
1940    2843.960156
1941    2805.570169
1942    2806.353306
1943    2844.828212
1944    2806.178495
1945    2867.248475
1946    2844.509096
1947    2845.156914
1948    2841.812387
1949    2843.829300
1950    2844.086815
1951    2807.108780
1952    2844.940594
1953    2844.369264
1954    2807.284255
1955    2844.760215
1956    2867.521711
1957    2867.421584
1958    2867.041359
1959    2866.958206
1960    2806.365270
1961    2807.092322
1962    2844.542461
1963    2806.488568
1964    2845.302029
1965    2867.028304
1966    2843.425135
1967    2806.469886
1968    2865.540655
1969    2867.134980
1970    2844.750358
1971    2866.798558
1972    2839.308860
1973    2806.062538
1974    2845.098220
1975    2867.072614
1976    2867.254399
1977    2840.756700
1978    2807.074926
1979    2806.443118
1980    2866.848318
1981    2866.868634
1982    2843.493607
1983    2806.206166
1984    2807.253390
1985    2807.569229
1986    2806.295637
1987    2807.098860
1988    2806.841578
1989    2807.964480
1990    2807.047666
1991    2806.436406
1992    2805.881683
1993    2806.835502
1994    2806.954951
1995    2809.202704
1996    2866.954139
1997    2864.423079
1998    2867.435099
1999    2867.094920
